30 30
-1.0858341735171368 1.68040366190539 0.07684446446385514 0.9337669147782385 -0.6535341570546181 0.8974506532296953 1.3974512714551994 0.5563917444143197 -0.47084659278192337 1.7341697594150245 2.1619376345169465 0.32121483878537677 -0.11936877528259085 -0.016077639790439444 -0.8902198210206035 -0.023756292841144444 -0.5905172103879457 -0.9120493119473292 0.42393127514289575 -0.3132378974414595 -0.0661428462937781 -1.984824219186933 0.5472070317542274 -1.0795725493256996 1.3942158657803585 0.44649665160191193 0.9689196129498671 1.6502908296332177 -0.9799201654108994 0.6606465244228207 
-1.2075132902522914 -2.457424958673368 0.18598896685274963 0.31823761528629607 0.07102609731692257 -0.9949302792583563 -0.26389436002094496 -0.4751377715470556 0.3983709613433687 -0.1918796542338277 2.006836557785229 -1.1154504118633435 -0.26099109780126917 -0.2843717675220945 1.2060464067091494 1.6600369465441176 -1.9625376903074732 -0.8176473806003991 0.4206984837023273 -0.4535451110867426 -0.766614544241636 -1.8764299386646457 0.5565953677529197 -0.5972772853969386 1.7877059483661295 1.2659441862002512 1.7788127086308685 0.6210421101675107 0.1432858955773715 -1.4873858047450332 
-0.6675849855151509 0.7090284684213305 1.7003077892256149 -1.1708709195022775 -0.18379336330386345 -1.6539910446979966 -0.15075490180927129 0.0831795558075939 -0.07649727161100373 0.10797782243154432 1.798250381843433 0.7023247466968218 0.3861703635173278 0.5115774995387071 0.8313912043488834 1.0742220512446687 0.639781657780298 1.2275986509180976 -1.5850960271957344 -0.08868581749302036 -0.41206139996974617 -1.0138217029033325 0.839590388921184 -2.16063928441342 -0.1777294517202598 0.1810419276069329 0.4630903758023414 0.2070493543477161 1.21559705192941 -0.37153423399934676 
0.36266528072382537 -0.007869961789981303 1.596807054735947 -0.6648232105870838 -0.1511745043515322 -0.010694625678099617 -0.7491702655704252 -0.390007283671994 -0.11328588165756011 0.8791409506706674 -0.9671023424580362 -1.5800935444089184 3.037982130758862 -1.6178959045399093 0.30494931572752126 -0.8958547875543739 -0.25125703947116795 -0.514664779960404 1.4150482597572724 1.4043934130220386 -0.754255728825867 -0.5470293606631363 1.5914964275366197 -0.3570584215559274 -1.272630960654646 -1.8316281459188524 -0.1376617041961101 1.9252832060689462 -1.2221332098023387 0.27354766082028414 
0.18950074668505618 -0.8724653232707058 -0.5780680781276224 0.39010335685398073 0.7505930403322667 1.3001240530644587 0.595545137439134 0.11495819259974038 -0.5724955120781584 0.48088358547518806 0.029480917651934804 -0.006203482183984249 0.9811928123000706 -0.6070273124525072 1.8009229506123126 1.4882490109162985 -0.5745872643804959 -0.1816942761834311 1.370456407971778 -1.5608630556835101 -0.8114238382196426 0.7557014172345213 -0.18404241480335756 -0.49550077691112665 0.4276775147263206 -0.5883757707233217 -0.8567005407620991 -0.052533942434695585 -0.7739381918204157 0.728707114092449 
-0.7435425159695876 0.8961420879631189 0.3298319654420021 0.0019163575924174912 0.8246961639195244 1.636436307257097 -0.622455953206938 -0.8151050053098251 -0.6551162015636991 -0.04775984786896875 0.2458773747822447 -0.41877556927036563 -0.15761613780479689 1.6400202071363688 -3.4394827291900736 -1.7639490518088234 -0.4502359255721532 1.143221024538913 0.3459910384582671 -0.652403362360504 0.4063049265870021 -0.21138515026154145 1.8326896660179859 0.11560855366781117 -1.630150201598414 0.37445443716001964 0.8841872003341239 -2.0460479113425327 1.787065220305516 -0.8032141476519785 
-0.5700305197632495 -0.5626339822142773 0.768295517253915 -1.0695765817254528 -0.34058784983179013 1.6378924661851597 -0.19235956006143318 0.37932052123993654 1.2070727287998277 0.4000041896113937 0.6518628941705675 1.1750030075996536 0.20419930105517484 0.91145762549697 -0.2759745779757157 -0.6958325742126847 -1.0565929216229142 0.5269447605978098 -1.1294435150623936 0.9781072645421381 1.1333947219316156 -1.0149150165048848 0.3506314439151541 -0.958075102933908 -0.9710331539246321 1.5735960768382469 0.4927688003799823 -1.648478713263614 0.2370004476351102 0.38151744964780837 
-1.2482876001223289 -0.5858718449030274 -0.5951607103712602 0.46474666818410504 -0.138721464323739 0.011731876335572664 0.5207021098529366 0.33606234430784343 -0.7038828066716993 -0.19769414945370375 0.39077742547687405 -0.48587968274797233 0.7811531638270202 1.1221310763420353 0.4974005669975092 -0.10459353837975678 0.07556264448076017 -1.9249721241573754 0.5303888746 -0.18118975096685586 -0.05112203079220414 -1.4741401576420805 0.6309050840441058 -0.58500373607436 -0.6992109336433303 0.4203519375255438 0.3266841899836142 -0.3273114738405986 -1.4946786229951523 0.2596486541932099 
-1.0358942605760255 -0.8509778327151989 1.0442830136860035 -0.6603383809859042 -0.706271126664184 0.9664008583153536 1.233903866464042 0.8901565465554245 2.741324578479185 -0.0019140861136391599 0.2674133222827836 -0.12692072632213544 -1.3247372245804414 -2.393090480962518 0.5095791622567724 0.9027290250016534 0.6860658978152472 0.05223057687311411 -0.381589119397782 0.3650637903483472 0.7028639098179453 -0.14593170610698603 0.32716509584085224 -1.003230031505796 1.227773840056775 0.11241721611479864 -1.2750708870476712 0.5336130201021733 0.41814139212280654 0.18383212501272478 
-1.3151944745101491 0.5989466448984933 -0.19571161397938827 2.093781778147921 0.9188222945335872 -0.1654568120420159 -0.8668580411387633 -0.6231238523058481 1.3245358730164942 0.40714086755776807 0.69812257535474 1.875474012049225 -0.45854309325768705 0.7530727398310653 1.7946550630734726 -0.14725390013377435 0.25221492530452366 -0.49956281368578076 1.0826731670473628 -1.7103198715203138 0.40070543818119797 0.6283591263488999 -0.09539947161617035 0.30655355063920736 -1.730121219487665 -0.2799758596852179 0.4638864086539078 0.007771619655137217 0.9592523459502944 -0.04244334148659501 
-0.1091483165793861 0.5142080316803395 1.7073613744592542 -0.2580109340343679 0.7862499032816063 0.7364574381707659 0.04376802584889861 0.6212373505692574 -0.43710456879346316 2.5621912570949354 1.4720719810656702 -1.5017023486781476 -1.1880610649420855 0.2717953467395542 0.9610067238664711 0.7907592522318507 0.9542214825597741 2.0956926822753488 0.18406717537608683 2.1850793994847924 -0.2400647017967917 -1.223139925027908 1.0558097963978061 1.4987466966592122 2.097720218786729 0.7440546343721965 0.9692746096931526 -0.016823655864817873 -1.6619131599224368 -1.648789283398573 
0.1836698763110938 -0.6290040180059325 0.6141790822200155 0.17395627106254874 1.6292873405129862 -0.7552266033885555 -1.13304957742282 0.7063712583132962 -0.7168426064198277 0.19437630289536514 0.34618569717003406 0.5452131577672087 -0.21151798709328964 -1.619281595409931 0.6405481080712305 1.5751253715775602 -1.6178006819220323 -0.8858342916191791 -0.1383995574398058 0.06636617507575879 2.2879455869256273 -1.8546804902923915 -0.46573397864457994 0.34517690681389507 -0.9102474441277704 -0.6585200214482468 1.1625743977645078 0.8222696790260607 0.11800376451226458 -0.2017950707832633 
-1.5942315662892428 0.08543983342722099 -1.7355832434395049 0.05562032615307004 -0.28636181286293194 -0.9011313361069538 -0.04707708080333846 -1.604349881498856 1.2205534926920738 0.8482401256031828 0.727457133966767 1.261966769524986 0.5387276131979921 0.4881226259175429 -0.1034085212874146 0.6537477608950725 1.3193274223015252 -1.4913344066085727 0.171852460792046 0.4043920098918794 -0.23843540743901806 -0.15203233972948785 -1.512792781668522 0.23766466206125939 0.6759518984563713 -0.15361151052855485 0.0762493223264702 -1.1486634625530119 0.7758244543247913 -1.1171880207551033 
1.2431645184805469 -1.082407187728712 -0.04600439904513511 1.2667789200471817 0.403427386559335 0.44041925159332473 1.1984517192673878 -0.3481818387687173 -0.2896746659076102 0.6052844760918515 -1.2678539113588871 -0.12621114775839515 -0.46302661673673345 -0.7045309468176637 -0.09418118770946042 -0.26266868116567754 -0.3440323069959131 0.7862075302204334 -1.27908276862583 -0.3912822143883106 -1.8869740034712528 -1.2547814504334551 0.9609651788519913 -1.3379340473022285 -0.9176264525613548 -1.057377056236222 -1.3469840852909751 1.2695861249349565 0.5244864538805941 0.7896523182991433 
0.056981419873678614 0.4576361258913137 -1.336897699090912 -0.627936358790291 -0.24851652583991715 0.3080838701091323 -1.904206644093997 -0.8193675405868152 0.4638048765937966 0.7694955135072051 0.4843004014397742 -1.008337959183004 0.23728179343624 1.5513179127861396 -2.3708924581302253 1.2958640429585933 -0.4973757980082904 -0.41563550508443137 -0.3365843229420279 1.8989230128758592 1.0204163623015208 -0.21823208121866775 -0.06448694695323813 1.0851234762101865 -0.25497905903969337 1.5414908677511556 -0.3496862309338528 0.922488518735651 -0.04026384808261615 -0.32170734709280047 
-1.493592815254096 -0.14657957514700495 1.9502620794539565 1.6270619654880596 0.8424904356175902 0.9644472990644327 0.24077328666233 -0.3992764763314941 -0.6465159448852941 -1.0111035693556643 -1.068799737069797 0.5343584595748688 0.32687514784033056 -0.5589157511974636 -0.4597088885435891 -0.6910249536906633 0.8675578226292519 1.7951609311346117 2.102812448025817 -0.16643244787924874 -0.5316936291439852 1.4327361588803846 -0.11580962508836104 -1.813537582102303 0.6844431215618604 0.24264375392619827 -0.5669325326168914 -0.30055080605604867 0.040635339606268694 -1.2050719045394396 
1.1340935200913396 0.37604565290558994 -1.1942932818185295 -0.8775721663447251 -0.32253027954393354 0.12240784122578272 -0.3139304484959958 -0.4034841370873653 0.709117503553652 1.0238912367933248 -0.08723766175167907 -0.682106181962468 -0.6677474920860887 -0.035392016231960116 1.2909379014655098 0.10932463268837354 0.5104371355316641 0.5123511026213169 -2.310283713306846 1.9790022157838483 0.21005293547633894 -1.4403030088619933 0.013631839383759647 2.464656254315057 0.24787863879781774 1.2200141998482095 1.9999837978991657 -0.023376548212803678 1.467981916469444 -1.3170788643444886 
-0.4204264718820308 0.3727442525392429 1.518971167383986 0.4156577213898509 1.176286794469298 0.9810980584206241 0.3896078178034768 1.6621944115126552 -1.2975714343893854 -0.44074650684393074 1.702477697565175 0.059840657034062515 -0.47244886871648517 0.6356807586029954 0.7706367126679091 -0.015885812332943224 0.38576925163604864 1.3706667725669854 0.4740181880086295 1.0778108959211803 0.10372692371537819 -0.7309493928568148 0.12007518804928125 -0.9769518925121051 1.0150120034646355 -0.23464932397862417 -1.1065347641798422 0.04125834322804858 -1.30888104411798 0.18359232049166319 
-1.9435279039521733 -0.2990333337833779 -2.293839770996086 1.294153473390695 -0.45605637997591064 0.1319344539502267 0.8223742814923279 0.33567013953817243 0.30491038931238246 -0.18228579465868805 2.707834645249037 0.013501375156046122 -0.3866584102985414 -0.22326184146667133 -0.4703241474334031 -0.29523553435014593 0.7982282055097414 -0.30949163704299965 0.7422645763083665 -0.3873168566767246 1.1971688467795152 0.04012708232520286 -0.8326021647164682 -0.19593454032690732 -0.49344627295819965 0.23675410147810066 0.5991883848325165 -1.9783924063008391 -0.623588225253011 1.5744970686864552 
-3.4128485466376683 0.5870319414767965 -1.7750097102722653 0.24767681050141818 1.9673461809199186 1.515029428020388 1.1564095524661844 1.0842413705243266 -0.12848987580119323 -1.6658337432036496 0.3325041279771672 -0.26608053792335684 0.17134012530266507 -1.9225429345847924 -2.030606729455019 -0.45441183647512556 -0.5278892481818883 0.488793285245251 -0.204038972774045 0.5731765638306191 -1.2254376194019356 -1.1650341381639655 1.311070839631124 -0.2742905164123145 -0.04805366014454318 0.37010273096673263 -1.986180075102318 0.7046651223212156 -0.3711575132084607 -1.306601070374722 
-0.3486600848237269 -0.07740241766124238 1.6631665612159428 0.2057216348337389 0.9276479804595502 0.9696420706201888 0.8137163487123645 1.7470149502536854 0.17350933229883217 1.2226569176231465 0.5837656465105706 -0.01904927918393472 1.2041023515682168 1.6354949729303596 0.010007373612596964 0.9132839772497716 -0.03528336631943665 0.4607205178844438 -0.5700472526437945 -0.43450777273342106 -1.5726683244197963 0.6158750590879645 -1.0740293765233737 -0.3673914799800234 1.0827812471801261 0.5354633505594553 1.242982334820691 0.2216970880715979 -1.0717810598336361 0.015100511932629297 
1.0524111519137267 0.1396294721805532 1.0872857151689665 -0.8254195975709043 0.9277902781029733 -0.6741472045889824 -1.0443930583350531 0.12858385198594618 2.8473888667116745 1.018812094051379 1.060875442732572 -0.7678809887903147 -1.1578236759631122 -2.162096487079586 0.4280585708194154 1.2908890529389532 -0.5891995522739053 0.047458936977165314 -0.26957927124883646 0.6344028160715895 1.1521082698113485 0.5434187884451686 -1.2406829874550342 0.6695371960923806 0.21959281579484263 0.7474340585427509 -0.7828081029084726 0.9640079275306279 -0.24653789353801064 -1.7646498638351131 
-0.5159917026725165 0.86076672535288 2.2515821888181615 -1.7150400184889942 1.7529642144844588 3.2509582278733755 2.566236205402407 -0.4698429640567356 0.22382353182993128 0.5857994658837482 1.3213232199390774 -2.083982619133289 0.9207491156004461 0.12125830155065095 -0.8450045395408179 0.3084585200835653 0.4683502217815725 -0.22910448273515674 0.4878815583266046 -0.3638086860694649 -0.50313892837258 1.094932332885527 -0.052524897223576006 0.23780551279623893 0.4982295383134155 1.044884137440825 0.03940355566934526 -1.1722110833545616 0.8073914131620725 2.1546093577719185 
0.23082309799988582 -2.1686884731734546 0.917069043202203 -1.5505335563075215 1.087158260921876 1.1136509125460696 2.6081058752324885E-4 -0.8059134916844319 0.3243568614363917 1.3172416341184658 -0.6169116118903916 1.9157956748152207 0.21249315104204328 -0.09526328696013305 1.2853772348533012 1.1807644061890508 0.24197673223104427 -0.8418707928809068 1.2639853285786056 0.5590008260861971 1.0649435852182827 0.772763987968889 0.29156054700910433 -2.0833455386948994 2.0573562185866248 0.0857202300609477 0.4015668784768668 0.3687230526726839 -0.9204146273410493 1.0446178648579603 
-0.8849797583954427 2.206532242216493 1.1856780851528423 0.6743366012415468 0.07877516046577317 0.5192470796549864 -0.27263558225946855 2.088981394256107 1.1873974193111008 -0.8581548535870673 -1.9456183655240138 0.47433357775737195 -0.45936774606973896 -0.21101531717785704 0.3000185268410444 -1.0454100214664064 0.5902721401048173 1.019833308682649 0.7806821600357762 -0.08178510546728017 1.2162721489668271 -0.040814244157690915 -0.08365520486007946 0.5046643524873201 -1.062074678382425 -0.5306641145235823 2.0709289259513195 -0.5171000425906405 0.5109967855473908 0.4383585775285558 
0.5343980237934098 -0.7193569122898429 0.2622900250295241 0.8958389155590543 0.4379309765398855 -0.48559659938664085 -1.1773540153254587 -0.4617887236003182 0.14296881943641096 -0.9216231793485209 0.5966285920873234 0.8441395774012429 0.9200489791972768 -0.651587368123403 0.9451396746102153 -1.6201396812985815 -0.29054631717471 -0.7323226359832562 0.900472286475197 -0.08120253694863672 -1.5909055859271368 -1.2236831206320637 -3.0315642852041464 0.3319993715676644 1.4526206624498452 0.6651614888829446 -0.46426023739699807 0.01593873178270124 0.06758102088798254 -0.2841206102958024 
0.4447376790391002 1.418602199298108 1.1794892257813863 -1.3717723648863656 1.6774434808472827 0.07620739813835037 0.16122405008973686 0.39127723553578037 -2.4263492505826205 -0.12232196102408194 1.461249556306515 -1.3953372198127583 -0.13003137631216086 -0.5696506811877483 -0.2827284311368814 -0.04089165053210152 -1.2606611747239076 1.5650373283755452 0.29798582949253255 0.7542904578438767 -0.44829669171792136 1.3384246236293067 -1.4440953844319886 0.09267866180010627 1.4012101725772987 -0.19288748441350026 -2.0720005961304473 2.1602565858460814 -0.024846200727031552 -2.199296258426759 
0.2342765823121297 -1.9851382767267933 1.3931897742385029 -0.9140902790481904 0.4178827900709728 0.0071760941783496415 -1.0923963894005386 -0.05855948180863579 0.5463175769552083 0.3094958092343251 -0.5280185539761704 0.7230918438795217 -0.6819483054865876 -0.5511542501095796 -0.30072595843496663 1.2118331574167274 1.1044099883859069 -1.2400290641736609 0.8119799765130665 0.3935672193881564 0.8560774295868102 0.32520739541950716 1.0547939513384554 1.5846883404186296 -0.3749187391412718 -1.4291007791408583 -0.7031887538852107 -1.6622769624486182 0.32022917627005365 0.8674065974614891 
-1.5390201657861402 -0.08929645412781252 1.5395918116658631 1.144717149605033 -0.8291579726943422 -0.48720128075438424 0.554214863835157 -0.8839623625995934 0.2557357662382163 0.168186185505152 1.9885979517398813 -1.4372101693211443 2.118992485847134 -0.7931404108779486 -0.4802942961729059 -0.3608765905169864 -0.1789345268288065 -1.2419536413425396 0.2212331873991214 -2.2513132394271946 1.9846652964015756 -0.8097906887106218 0.4163907862558856 0.5771795769603074 -0.976988803603078 -0.05247534109003056 -0.1510918207428305 -1.6291377846350819 -0.08673706068287299 1.6929693613475172 
-0.40516524147106536 -0.45713834636440603 -0.9601527583983538 0.7942810694908741 0.8641732114485394 -0.48903885379508844 -0.37896344031500323 -1.346056765684637 -1.4666037197749873 -0.14355873171180786 -0.27022747173238104 -0.11342177660069148 0.9155238491748734 -0.7650360068424173 -0.1977116577700931 0.9598479573393627 0.5885840744855183 -1.5664076329836756 -0.1211422452174128 1.3321880938686612 0.9262689288098345 0.11617405049085867 1.188650825164155 -2.1003443561606576 -1.8285392542442995 -0.5933006050415199 0.9201230478389859 0.993697163286614 -1.2954880400549702 0.05295565974950412 
0.12851214248132792 0.7429328562757938 0.16961401609788443 0.3084080613982888 -0.31106504169537924 0.25163682737769855 -0.16534312085152048 0.8844749273740353 -1.1542940524223735 1.9642640895023593 0.8962896133438278 0.14629558226551612 0.39512810635495527 0.8283141728448244 -1.201669398574083 0.08251687553498925 1.0247895640753808 0.421302517628905 -0.4224883435905303 -1.4569183653109328 0.6106316504832705 -0.6121204114125327 -0.015154953935624882 -0.8195673516369677 1.2881598764885829 0.5235322096373205 0.7851025535748952 0.3023923993767961 -0.03508502599260266 1.3264754204774043 
-1.9711303725900242 -1.6819851312800298 0.733631953127397 -0.5046871605247836 -0.06390617666588369 -1.2373980815943457 -0.8497223591408054 -0.3723155297418826 0.8431960499311544 0.4025896583478245 1.0152253521789585 -1.483892744583785 0.7680931739019097 0.5796378504619483 -0.19354796020471732 0.06102758849559031 -0.9318110064123339 -2.1799381424073316 0.4359366943797005 0.5484602236580689 -0.8092955939044326 0.6525359894112656 0.5670463334157652 -1.4153499363877013 0.8688006228337468 0.5049960337862007 0.9036737375206642 0.8293832252197371 -1.1392809944379767 -0.3615535657989615 
1.2073996277318655 0.17485276515688952 0.4601850654281978 -1.4537903889426915 0.4571951390129129 -0.47949521720577487 0.30296665600084743 1.0718260568546467 -0.41360177684530336 -0.10788109226840975 0.06396132797518994 0.9359023890977805 -0.5645405693731496 -0.8806354189791772 1.7467660743791433 1.1135717397917348 -0.12059009545566157 0.5133589887292153 -2.6478617110521334 -0.8210439884441457 -0.28731324007663406 0.11912437822423227 0.23143270723312875 0.19366406761479005 0.15211048843213953 1.557018446747211 1.4634949790801235 1.7862640760571793 0.03208312014816406 -0.8100000102661922 
0.9451631421708674 -0.6616763339967947 0.21354070620679066 0.1147801954153681 0.9740565163461841 -1.109139155768385 -0.9591027857584371 0.2477397627473239 -0.6330091118603279 2.1375035697018743 0.6058811689647818 -0.6267083349615514 1.2099450277158121 -0.7641615359475373 0.11468336560273697 1.3743839394819917 0.7780126131777427 -0.020458758424713674 1.005328148691735 1.2834199634464638 -1.926072248310632 -0.3646803235808448 0.8887822349907974 0.39445919648699446 -1.4170521518303185 0.4423600536929184 0.21834544628279912 0.8348087744823036 -0.7892755216013682 -1.0332864205195917 
0.9296017763855718 -0.5137459339244306 -0.7870704729010274 -0.9690227885659807 0.1236782224120902 -0.033260438667155556 0.5536451410942573 0.8024104948809054 -1.2483619758094457 1.8140673967599201 0.6726589770842591 -0.2229715306980758 0.5138398552135846 -1.3050066323590168 -0.431312380765264 0.4656636765203686 0.07791540678260295 -0.6340655643301532 0.532611073332211 -1.729881629788159 1.1513910893481427 -1.3234890511896797 0.21610728081738312 0.2943879582105432 0.8748771725408879 -0.37789675063864153 0.8199049114463146 -1.049162543188255 0.4123514693817097 -0.9550643855406727 
-0.23431582184793184 -0.34213152410783093 0.5445804606415385 1.4701408401063887 0.700175258564373 0.6831406465458509 -0.32782756911498806 -0.97074157928946 -0.25993706235069824 -1.0003401233932108 -1.1668566808621494 -2.9590098522389416 -1.4906598977023553 2.404289002201467 -1.2545049636909122 -1.355273940903037 -1.6992212198904095 0.7472829404351224 1.0808349161575843 -1.651504441481169 1.7111524128982176 -1.1071463037453082 0.5258767175898076 -0.5406711933879723 -0.607277262403245 0.31563533738357463 -1.3354852441831486 -1.5985479712248132 0.950718008363165 -0.33145990960265875 
0.011129497674631117 -0.969397498152589 0.7669076396066359 -2.4278624446101364 0.45354600223987357 1.4665354787540796 1.645360912512582 -0.011272290038169763 1.6553686357327855 -1.0733232797225072 0.08471578385549555 -0.21066751932582584 -0.5752082824245617 1.5169781124684394 -0.41664133530220704 -2.606449442946147 0.44659106018725425 1.4346763992534057 -0.4754773502397466 0.7530576416639017 1.6640970148206589 -1.797890435745151 1.2349984481364933 -1.4604289912928272 -0.08982330603871164 -0.4388502821297887 0.19936058000512358 -0.501728244369128 0.1475777895553223 0.17621123827820478 
-0.4640942186022762 -0.38101672831339617 -2.1555678437982104 -0.4736078534709157 -0.26181372518119905 -0.551959251780584 -0.029662517841283043 -0.7533146539497185 0.04955923326516132 -0.5697048658961789 0.04945910478044782 -0.522651938144661 1.5452540034377114 1.3591140778093582 0.18818773585271079 0.8696035503395098 0.3099711212855816 -0.9298516327649142 0.3811370977751395 0.1998633277051764 0.0027380369662383594 -0.7860889272092613 -0.86381225613346 -0.10031934800190304 0.04584072488719615 -0.20426923383579298 1.3523095598678458 1.6946246493109898 -1.8094604152220752 0.3079199225617927 
-1.7414317576913905 -1.9301620986574992 -0.3577740221378467 -0.3771876257778597 -0.8198554636046385 1.6383469617650679 1.8902452155054341 -0.45754227794859575 1.116085316626987 -0.6770105677552719 0.30989596098530275 1.060452150696759 0.523828946991422 -2.58775762340572 0.6623031395720433 0.7791588216964955 0.00218807722247899 0.313384966192397 -0.2029151111691568 0.6944175019914837 0.37902626337787065 -0.18772352561758837 0.2201974832304323 -1.1476528870911342 0.941838957057167 0.07171997792174166 -0.9780199711795126 0.3688453430316945 0.027436253704973712 0.42655240218225865 
-0.46032553424194206 0.968271806679564 0.6221552297706533 0.2501364903800427 0.5920957402296987 0.25157155461685027 0.5177121325610172 -0.46093139923048987 -0.6240345784821923 -0.995465334705839 0.8955355175777568 2.8513464282408822 -0.7723205551323861 0.5685171739081145 1.242183739953895 0.22032191046273247 -0.34444893545759736 -0.825865579774086 0.8283461712237172 0.39194982107283227 -0.163630300044533 1.6461802455375352 0.5750100021453214 -0.7619988903024116 -2.2035739064227657 -0.9484276001975258 0.7751611310423935 -0.39785977883704343 -0.6294486682230227 0.3210219457198993 
-1.6102943968707872 1.094502336918148 1.3113628619502218 0.5217457274652721 -0.057207325659566544 -0.23531278083737267 1.1316969598507636 -0.6544857210296696 -0.23621223666424135 0.2884107637594604 3.150361549056868 0.1429528810761318 -0.037721561910011525 -1.0942104965770088 1.270407550534576 0.46631982162712815 -0.1556280541445204 1.204554234096863 -0.07596164281304159 1.1944258622395674 -0.3336506742329869 0.40307406890309416 2.2819211987289627 0.8888853194782577 0.4065751866107137 1.0606711074767794 1.604774018689783 0.4809977298393229 -1.5620039098272187 -1.6833007032226448 
-0.5766892957554879 -0.6812569812528935 0.7100446838101422 0.01775275215196391 0.8770358403438636 0.820203786564877 0.5808772908357192 -0.154155807353075 -1.1306398092093402 0.1511115256903972 -1.387933957883199 1.8366510980548185 0.4499313809253171 -0.2366691245461071 0.5816278885737215 2.5541210636816816 -0.7206108459237598 1.578382138415283 0.6138725020066504 -1.454005536273898 0.23928751824727212 -1.7560852015128054 -0.20717563510277826 0.8178820124751471 -0.2458965422336936 0.21872922294618397 0.507558697566386 -0.3750108940701859 -1.643619196573779 0.10606154506534643 
-0.34159479017818034 -0.6305482839106795 -0.7464084865545495 0.7576485427966113 0.4294521773702966 -0.7892179953518336 -0.9068523254703431 -1.2364260700949359 1.2823792012147082 0.16363388683495161 1.045159147588783 1.8879578997615334 0.6628269563361266 -0.54794230270936 0.3397580506147921 0.22371572893895741 0.26022049792791385 -0.9558958612046216 0.20675591063280663 0.13472400406655372 -0.10326459168767461 -1.3489580264626349 0.767935465792082 -0.4821380044463725 0.9893413455856294 -0.6275136090463074 1.6795780145627572 0.09725397779373968 0.8961159329119914 -2.038784101787791 
0.6816430239511084 0.2827483904123692 -1.1037659350602391 0.6838350034897142 0.5528619863202835 0.48526211607155745 0.8427302364948976 0.10131677043005585 -0.6598586319154669 -0.3243854702349664 -1.381007908697322 1.1328357814158134 -0.6542810363541831 -0.757976542305471 0.46722673518639496 0.10641627023505434 -0.4816132012959147 0.2380281480354615 -0.24500705611353274 0.4252575043595239 -0.6613803945444214 -0.649550566072313 1.1026646328330376 -0.5259694489780458 -0.2354460574792921 -0.6882414051620069 0.3532982675827969 0.6294240683847494 -0.5925966173436119 1.7050435962906356 
0.4675608172248639 -0.6471261955400683 0.44591184453841926 -0.6680315886253161 -0.3773093402183178 1.8306117366356451 -1.3415860812310312 -0.9077169890571043 -0.1222087991974248 -0.49853576206334765 0.3452906954554098 -0.11573313193248841 0.5637923052058591 -0.27513480202951457 -0.005818685545157853 -0.3845823910743006 -1.9445215867918282 -0.8065596032982664 -1.0548333025303789 0.5783469954105019 0.06536503641417674 1.0844424807862136 -0.6141138795464884 0.5489133198745688 1.0782435575541411 1.6506290902317562 0.6035108043748716 1.00969333139934 -0.6875545155098748 -0.26399671986573836 
-0.9648072791437484 -1.2208378384875738 0.6201072122247432 7.618899063067675E-4 0.8021490111256313 -0.2122419836441129 -1.1480315912977503 -0.5245477987139839 0.4935262356354296 0.5909744159468844 0.7676123472863727 1.3129120067480635 0.8803169003139728 1.5999240624054316 0.5167540453248027 -1.1709484055244728 -0.24224877515794813 0.6036592540797405 1.3706270038269774 -0.11505954767426449 -1.0484226260863097 0.3985827890810334 -0.31824950094842563 -0.10822860011167179 2.273849815551199 0.9620232440682098 0.05102174187605074 -0.1951711449123317 0.3575225602978528 1.2531194800763292 
1.7065140131507675 0.10847822975920826 0.530613747843045 0.30746151223222884 -1.610919634681664 -0.7705315843621731 -0.012052179537685864 -0.49943765993019335 0.26014702674564233 -0.4382736841015523 0.4989069425223255 1.4946198403602529 0.6726023627077202 0.11401537558153237 1.158747672759096 -0.7040549282297824 -0.9955152143305999 0.21158697899380924 -0.5885788150936437 1.27937132311828 0.11712427693128512 -0.47485005803982727 -1.075116171238571 -0.30627922255939666 1.3736345386617799 1.0971632228472599 0.9710996458965909 0.03503090391654935 -0.13201254479677738 -0.6330139474634192 
-0.1933837688754803 -0.5318494215948124 1.8263086065233325 0.46413310800250923 5.657094237873084E-4 -0.5610109657214619 -0.9477568767663083 1.1603374994059557 -0.8740881018853998 0.49519198804461373 1.6786077767801828 0.1588871653376402 -0.033900418589140724 1.1176990596902172 -0.6154944475464612 0.48335005260994124 -0.10531567458260035 0.7871050578821104 0.19116966537011687 -0.5846985404818925 0.16952417671584905 0.8743200534052844 -0.6719658789075529 -0.27305306194708284 -0.20568244894245813 0.3350848164139751 -0.3230083718511021 -0.5647334274635846 -1.807176209972288 0.6601966037287453 
-1.5483387032911735 -0.01510599158041892 -2.2501367851932774 0.8306955970272043 -0.3785851537160194 0.8135061736145576 1.047511398932226 -0.26073336523295665 1.2134787225606654 1.328506593751876 -0.020399170260030575 -0.7420943450074268 0.31116291824498227 -1.1892952440584295 0.3946407591548769 0.03374334996011358 0.0865046978148491 -0.6530199002873515 -0.1458548383314004 0.8877347297040895 -0.25452362147824603 -0.9563009811811479 0.15910886952251496 -1.1539900072303926 -2.105306403283832 -0.36487672325712184 0.4939841465419405 -1.1342438955560383 -1.3837442639817326 0.6041679140042295 
-2.593029732301304 -0.40124901501428695 -0.5056080519115047 -0.20363751361646437 0.11133390057831805 0.3373431550936858 1.351564148691155 1.126387590047358 -0.2713128364707433 -1.0816979824899884 -0.4899249977214596 -0.8721148247514453 0.5669280776896592 -1.9136207626234683 0.03976596862970894 -1.1247341748070148 -1.4304419828599735 1.205402648848031 -1.3571342929480263 -1.1644891867301501 -1.8457844578783607 0.5313663185386941 2.657532875017503 0.045343272986842376 -0.1462944878880238 -0.6729822653690007 0.33409643741432304 1.2068579798586687 -0.8858809784426387 -0.7247771345470347 
-0.5549762436299719 -1.8986758367429535 2.4907801356817214 0.4755406997323457 -0.5200120902428869 -1.5282370946500532 -0.5650797611393734 1.8248183577191384 -0.32523300071702377 -0.642446034286168 0.391181756845843 -0.40821464875074337 0.4013745130579133 0.46433590692376964 0.4489608005380544 1.2255677461135739 -0.3381689699516445 -1.1363845858618769 -0.02550478770658332 -0.13175446399507873 0.5442931019402969 -0.9270366195314629 -0.275114769991918 -0.3323831963744447 -0.15147722597279167 -0.11716607064576245 -0.2864566953879317 -0.3182070311405475 -0.5682368197963772 1.5838719139446171 
-0.9738589211977844 -1.0382941419680034 -0.270225827960174 -0.9524876566287748 1.5754927277540345 -1.1743540318104209 -0.6396883130426577 1.2866368492745062 1.1014733022693535 -0.08063837860835443 -0.252204127271798 0.7503055367473326 -1.7471684054137664 -0.9314561606935029 -1.0222195916178893 1.712125849229241 -0.2734552759123847 -0.964975218403259 -0.20830283324977167 0.3948343612786259 1.3254343073602117 0.4036541872398831 0.2941705542956553 -0.9298430290366939 0.2109200720752268 0.009407901382205819 -0.7886593846957526 -0.4671682241563824 -1.1464866231441868 -2.4959528791549532 
0.4514787755533979 0.7121816278485332 1.4913872007253512 -0.8479512538732831 0.5744868197851469 0.5516426496255769 1.4376515168906012 0.6053643070585863 -0.1017822281100794 0.8246130307912626 0.2520689600919266 -0.6820336068978898 -0.14995295701078226 0.22168333223740155 -0.8062681416285895 -1.5927162744331178 1.9239447666301364 0.4908461049186299 0.8740931180113827 -0.662472468015004 -1.7928433146842389 1.6373124812488569 -0.20199223793903648 1.05039232894183 -0.04634950677651864 0.8850699466250906 -1.1529923244721236 -1.199793546131894 -1.3213977139537327 1.4739296979155836 
-0.7678230421011264 -1.5017277158749698 0.8119254974844221 1.227754733395316 1.625002830786468 0.9837404922776289 -0.3735005077194971 -1.267079526130799 1.3560240586691137 -0.4784349518114057 -1.0799169615829856 2.536794669785615 -0.31050123615833125 0.3034991893804135 1.6195378582095068 -0.20747871781006988 0.3685267815182649 -0.33730664253051673 0.8182851423408314 0.1600790066779299 0.375122702711584 -0.9810056869300087 0.6531452591766655 -1.2230508946502614 1.4322247694851453 -1.1284366377510198 -1.3552921549429287 2.780998756415155 0.7842870753848761 0.48459957206707377 
0.8044594748538134 1.12686005188459 0.6627204797560093 -0.08681202223111106 0.19949405486829364 -0.4907825880438007 -0.13432212023582277 2.238500498457253 0.8577069692986543 -0.04843770647483081 -0.9789239883636301 0.96405533452697 -1.0281601815393677 0.05100105869491961 2.3197078137157745 0.6944569761616635 1.0342361166660414 0.7304942838896475 -0.7393617342347978 -1.4906405138201193 -0.6518072966441705 0.9524283335918112 -1.2222724734721357 0.5622388978013488 -0.9671204975193963 -0.7148020695655486 1.052927874858427 1.244207730372534 -0.7517185188350854 1.143417844430467 
0.3044591836991241 -0.0581606933180025 0.7397625556528301 0.8477388138053205 0.5233491692514357 -0.9110148279630789 0.6611399199376372 -0.9052419077391514 -0.0670264312067994 -1.4759941231094447 -0.10433701054746602 -0.13878388980812456 0.28264934935663405 0.16769200654209837 -0.31179624500891284 -0.37324264719427713 0.1700546055583662 -1.2494574914595298 -2.480215885719777 1.0915687158584644 0.10383947370404822 -0.956941890065519 -1.3512685458742584 0.1599498733816797 -0.15803046514100083 1.6137797134613527 0.8234408878627624 -1.1223443878175143 0.43613545684603716 0.4443165005033894 
-0.13465442220136348 -0.4010251927690208 1.0406770867753388 -0.7662823862591142 0.007073984603795935 0.6023662585882633 0.13700905463061006 2.1539887354854814 -3.077004368039316 -1.0847322807685236 2.0261168658946427 -0.7702716965149887 -0.7476195866336272 -0.17857759765542766 -0.9986511097313566 -0.17193718208415018 -2.725740775876451 0.7977748421520319 0.8366182306015854 -0.6963189220522144 0.11431643581681847 0.6474504388034565 0.370915021039688 0.27077465712639004 0.8616105757572613 0.7635109560689718 -1.4907946757336197 0.8907800271295292 1.090949093195798 -1.2174267842175956 
0.5628567607905249 -1.365847106770599 0.23602904110904926 -0.8180106821685287 0.7142873629113446 0.6081333952354935 -1.6094013723036542 -0.12601455353073004 0.727570014043559 0.20221681012580833 -0.5482063904341161 0.6692196296952309 -0.8769996273152593 0.42907726775489163 -0.5238663549510468 -0.3069247818190055 -0.2814593001634612 0.22295152295405274 0.40553685458949423 -0.4451944863614899 1.2388762714887385 0.3546130188323627 -0.02599704848218609 0.05346377167692762 -0.9473237300478037 -0.8977866392305607 -1.8487450325327714 -0.6972478611034565 0.2269456514840489 0.8406636259194089 
-0.792609902575655 -0.2039904906436743 1.6066416823114515 1.8824593117369828 -1.017989210858687 0.3975635461054039 -1.057457022492052 -0.036670416523222726 0.3535649972815669 0.08810972645274093 0.8244770130184627 -0.2836769100500222 1.2274461947146964 -1.2115058946719937 0.7346327424082946 -0.9010362686624604 -0.3120007810538693 0.8382539664990423 0.3203929902239263 -1.7196491061749868 -0.23284586093066995 -0.6512393420600153 -1.7702141896008285 -0.6815600792382209 -0.4302433446939595 0.06622545224461798 -1.0053702341847741 -1.7424136830189934 -1.0808678387320194 1.0793729492150559 
1.084479464220058 0.9599335983442625 -1.4325835435000227 1.3408743527577656 1.49299047475429 0.7490916778695446 0.41828712217463215 -1.6288129903554462 -1.6315131871433008 -0.5019174475423062 -0.6538438972499094 -1.3980333548838624 1.1243525788487807 0.10978321729074864 1.3227300299505387 0.5902445737722777 1.497395569426247 0.361493461685533 -0.9965288709137662 0.8366042624182692 1.045198464070394 0.7440129124651511 -0.08679387394981786 -1.6146342894365553 -1.1496733287875815 -0.706702130284774 2.6749055160856123 -0.2401176792245026 -0.7294087204360707 -0.12310072582102358 
