30 30
-0.8397300216046448 -1.5409681915881555 -1.1740548278458829 -1.1611049053542035 -0.021591915801380722 1.3508712763252273 -0.41941097598463983 -0.25600866594357774 1.290019654751892 0.6543694767638816 0.583238316558191 0.157270030310715 1.2490615057597965 -0.40381942559413053 -0.6633799698379865 1.879817675243665 0.6168401264346018 0.665675767335708 -0.45425935020402614 -0.18397041548017998 1.4587999788096668 0.7973823066547662 1.8884407411402706 -0.382420654277754 0.40194890043113746 0.09724789476720716 1.9041565224687538 -0.46751386369875414 1.2532556144963396 -0.12727569574185765 
1.6217974707583072 0.5964651181523682 0.49279385525924524 -0.09712037408846144 0.17790669736714668 -1.086023370026437 -2.117184724569279 0.7065082624818235 0.03643609204196704 0.8538573894270646 1.4634275367948584 -0.5011462689219323 -0.3853999406232596 0.13165301942958274 -0.46748876594104716 -1.5135364203725445 -2.069200622464149 -1.0368265902847054 -0.6211412331564038 0.3675433802574618 -0.27616813445652116 0.0955946495596032 1.9523444772912195 0.5050455035974838 0.7890908359568091 0.8201760676125466 3.1155112218075365 0.6270119405122575 0.3535716165719498 0.5795797674486449 
-0.9589853541958964 -0.8080988875452135 -0.08161657682754282 0.06256642527443383 -0.4312002891061189 1.2108941679157565 1.9140428560059315 0.19831234560013009 0.4273711981445346 0.4398870900200762 -1.284756628551675 -1.1262277681056168 -1.621018499705766 0.628712498841214 -1.5185998738184954 -0.24185682765608854 -0.08345128519525716 -0.6636831867688111 -0.5718423059143551 -0.9601247672256382 0.6628604750717986 -0.6433121497395579 0.8043148362949316 -0.5790220582582054 -1.1890594857592498 0.37706567560302906 0.7100457805616996 1.6378815037402552 0.672634534663469 0.31962930185182753 
-0.8145358257581267 -2.786409586357624 0.04842410004668421 -1.0685390260572476 0.8328475599904286 -0.09248573652971079 -0.37306134152443116 -1.7883103625809333 0.14755843708422234 0.41183051075685756 -0.2942009554589547 1.092808537556167 -1.2066783086177038 -0.15224879828881852 1.6248572935378756 1.8550268156008143 -0.18043553960716552 -0.0390348863068384 -0.5216459120005397 -0.7023955897388289 1.5023002249413184 -0.46765117645686594 -0.9876977557402987 -0.5322207987662649 1.4949534706769576 0.11890684257430614 0.18662704835213578 -0.7571890016616265 1.6395170463655335 0.6780545300339461 
-0.0769364991534526 0.13436459905889758 -0.1501358489098894 -1.096993958012694 0.4029247016793868 1.1752401797813163 -0.191916171493175 -0.30347693317791097 -0.309361573566413 0.8471988093364334 -0.7503151766159897 1.3996960609111928 0.403549005746765 1.1790303065994403 -0.660953703980973 1.0045371470685098 -0.7298028564747568 2.0987233673884886 0.660341767365661 1.2673027289472667 1.0584705825643532 -1.411290839971185 -0.7373957458592001 1.3850123906468172 1.3157705739224466 -0.9007195889639583 -1.2661586022770839 -1.1391530802153764 -0.5820448403420575 0.3071257625843204 
1.496642810440735 -1.799114227749021 0.7345167869327835 -0.4881498746610523 0.6251130810768746 0.6463069923846149 1.2567012953412868 -2.4286314017832473 -1.783074832000338 -0.2990961363186169 -1.4980613232680522 -1.5223257879096914 -1.5356973894358508 1.6352411176835409 0.8333727329911241 -1.328775981147102 1.3587666657372564 -1.1090497653107483 0.0763317924329876 -0.3132213866523443 2.07692617398114 0.5792397983327192 0.47409492153994487 0.9115286866982308 1.0703566178038675 1.1651131537714163 -0.40723529708019524 0.9795275472727736 0.6735862384015375 0.2794664272960412 
-0.7243392727589655 1.0915980221666448 -1.1379976739153719 -2.495799868500144 0.21850283770330217 -0.16262482842329734 0.9595361891723169 -0.14117467732426828 -2.1578030933438073 1.419888635118402 -1.0490371931156919 0.4933120340579471 -0.900021070218477 -0.24126400601145753 0.8963331346817762 0.2645045627559683 -0.3117388718889113 -1.1534810065795837 -0.02978982475185743 -0.8145249752282154 -0.18195136437330003 -2.120796188369954 0.1740303837114077 -0.2773475213591728 -1.4804552747027273 1.7571540175873583 -0.3731707014988957 -0.07564087720538884 2.175559510265342 0.15419517795686852 
-1.3823065660465468 -0.18860316859854778 0.38535392970700616 0.7899737763616915 -0.1632881142016093 -0.43849559234611307 0.39542562303889617 -0.2965822810027666 0.23690700903181594 -0.24206053337862588 1.0170124222897299 -0.7408440508338702 0.42104297252124995 0.5669019955130495 -1.2238411436061098 -0.26119305593873143 1.640635726868939 -1.984745350989189 0.31379459911312546 -0.6316453293915274 -0.6924213907217593 0.28597710408833105 -0.5491566561469629 0.3859936143971044 -0.0602002064412921 -0.6036977104837723 -0.6628387333990435 0.254776139715789 1.9534645241705582 1.6366811809273227 
-1.0564099318451774 -1.6113670896481962 -1.4367651582994978 0.11714072425618557 -0.4992222909263997 -1.5775209145829983 0.30287515463377757 -1.2766569445973348 -1.2604483038573893 -0.7609130416943958 -1.8603439644667326 0.18176052470518567 -0.6621862283783342 -0.7448197932643404 -0.5627842858136008 -2.089093902061278 0.8989028612718458 -0.1786638300592609 0.08158297953477411 -1.3161006813124279 -0.3450287028366366 1.3927125700739786 -0.1215499375989219 0.43864069051496224 -0.240325771280585 -1.270386861661732 -2.014470194702408 -1.1996283152853864 -0.36443093794750886 -0.0609441577708184 
2.2275603454823822 -0.05686541345055769 -0.7947832122777494 0.7642816304701154 1.1863842607440878 -0.3638373938691772 -1.7234451040629792 0.1783486147589389 -0.2503420735571681 0.8910762047150163 0.09652168853483618 -0.33499378672789537 1.4099410880559378 -0.7243715101729689 -0.05488531205326797 -0.5319140757069293 -0.06301212373126719 -0.22624578513927024 -0.6504100349762737 0.08274514109306393 -1.1618928993037845 0.6794406457640269 -0.5962788626172932 -0.2860207777419902 1.8857732027188432 -1.1830070241116115 0.9577161705993388 0.5613812245561363 -0.3838899974476084 -2.3573512104231216 
0.7707953058219673 0.5996466872007994 1.8054538219193936 -0.0376008377305344 0.5903511667533837 -1.5706171827703785 -1.4015141282678905 -1.079487021211339 0.7385641373099054 -0.6469940642813196 0.8854910162204168 0.8197840675092756 -0.7849684580807242 -0.689776197504876 -0.2969899300325209 0.044769160291789734 -0.051132416263524126 -2.057826425104913 -0.3888987225125284 -0.13779937936385744 -1.1759101054846743 -0.1522028981693556 -0.35674397588757634 0.8637237909810255 -2.664037040596131 0.1342283661039863 0.16132970501084948 1.042769535944016 1.8650723731521008 0.07121702275973096 
0.11696708751102067 0.5831134291685055 0.42326775235121034 2.12150809163816 -0.4677329670075862 0.3888440920702053 -1.5397953477629573 -0.3766104409106392 -0.7548379117311735 -0.45505880447707137 -1.9045974941068908 -1.4502692789657448 -0.35260281261075016 -0.08669033630361284 1.5210650462856508 1.1977979096378417 0.0924277792957585 0.41803758604198515 1.2893308266470411 -0.8090652920083137 0.2380986965791617 1.7054783247437775 0.04012360545875876 0.5024315988327694 1.2063118447710681 -0.3618592317086081 0.6709269202478907 -0.12148683779052645 0.2424149029134949 -1.2664353876390193 
-0.23154360045348316 0.34114995163281403 -1.3211417205671296 0.6099479200846123 0.035599001235348406 -0.9074214965824982 -0.6884719774045848 -0.8551602144832899 0.6825578722024602 -0.02556426224315188 0.43319038476559385 -0.19245540502361919 -1.1378430119635874 -0.9654130320255562 -0.781482950796093 0.41844227115149873 -0.6915072178141471 -0.5473088273078741 -0.28685284578088666 -0.4641756877110614 -0.10802651919141837 -1.6557075260717062 0.8538004329335104 0.2689626202292874 0.45899840612414033 -0.471583061371553 0.5947404005895718 -1.8235333871175206 -0.14673145095997533 0.3096544361733499 
-0.04750025145360696 0.7322627081527393 1.4271139877288745 0.44903949769104096 -1.607356462264496 -1.1663886879573613 1.6306006477094894 -1.5362902993567094 -0.6300329378068794 0.9092564415475289 1.0256268903637207 0.39179890698512554 0.7753320311715453 -0.17956892640239888 -0.5848049107711426 -0.30960907969828627 0.26399714743171615 0.04975233447509428 0.01502197496712892 -0.2957983461286265 -0.10128211880242592 -1.407886273834439 -0.205488362481588 0.40835414506255713 0.07248756065534319 0.02029177616812504 1.1770613141908084 -0.006174797382406747 -0.3929174880968275 0.19624642705720566 
-0.015891977297774182 -0.8077230130811709 0.3668327701639223 0.6336552542569309 -1.5073652375314581 -2.0395149368565937 1.175234786640824 0.16600258664317885 -0.385150973670218 0.883728073116963 -1.2721992362873504 -0.10003520058529895 0.44924265819107334 -0.13248455631634676 -0.049513383689761624 1.5232334752424914 0.5829523415675224 0.7774686252689673 -1.601256920381564 1.2517585553228066 1.2887197726712278 0.24164693619827876 1.6694585052947122 -1.1057949266352423 -0.14624289964533774 -0.4958653719662698 -1.0975035367365853 -0.22825317859422514 -0.6438349732844086 -1.389147029912627 
-0.6093634341288506 -2.6587540324477086 -0.4906209642820002 0.8213816166811146 -1.6767034046042613 0.8216284653868576 0.6434332571463589 -0.4588886948980971 1.4655403346705562 -0.302426481111759 0.7105325410377364 -1.8637950180526548 0.15154411779948515 0.05470511356167832 0.8222325678733119 -2.0814995678896278 0.7618428003125797 -0.2963350090077803 -0.4479503874166809 -1.1453612377432392 -0.7479555567676827 -0.06849883964342084 0.813967312229339 -1.1368420288772827 -0.13048305169918514 -0.9253228842273644 -0.26596424702217636 -0.388421093185277 -1.4101838155471338 -0.14402887182560142 
-0.7513521636771793 0.6881969318274741 -0.6484543399251758 0.28725293518668665 -0.8027886019952171 -1.8386345593091327 -0.5019669669116961 -1.1121182108778678 -0.7247476815241084 0.1998546249931602 0.5928467935020951 0.3830792078330516 0.43650354138579034 -1.2141796185277258 -0.8150174468234739 0.1647990044732644 0.9916046552307336 -0.7652620564469088 -0.09084947223669916 0.9857772779562798 0.9611653415965932 -0.7052135221869991 -0.06327261436160392 0.9152276370873221 0.7368423950605982 1.340057958516699 1.4476236651898562 -0.10092805261291919 0.5795563565803282 -0.2582159382056336 
-0.1135008862433472 0.21851754098614 -0.16014729806232977 -0.23235046533566722 1.7099402257596377 1.5272672635002658 0.9472574676994083 0.1907193645316855 -0.06530969563573082 -1.2643213354238643 -0.038005522444357155 -1.4996331125047513 -0.2538721389314216 -0.23461149112131538 -0.2630151314494259 -0.5148575714172723 -0.7492259889240394 -0.07854551263056479 -0.19671629261043058 -0.5742279179692904 -0.8642561432212225 0.9063661980782503 -1.8172089076373084 0.9461656183064562 -1.0356522226695677 1.1065536541205547 0.9428152511728524 0.4283222169666003 1.0689136539881114 -0.3509682085263223 
-0.6605986825317413 -0.4598142029611371 0.21105306695013087 -0.09965810772105196 1.0678827447210886 -0.5586851693080739 -0.15241202265969334 -0.5028686744911064 1.2032895876689162 -0.0011257972613528283 -1.4058731377684288 -0.11399971766996705 -0.4440750782912309 -1.7007799096082394 1.4965175764004808 0.745260146950225 -0.14092603257851363 -0.5791673659452029 -0.4885629263883431 -0.08547628784194265 0.11403716923103725 0.4757689356114712 1.1416030567208935 -0.7621737243991563 -1.853468312955645 -0.3918257411745805 -0.6435445853926309 0.9512208072080035 1.1476080226936114 0.45411987895676253 
0.7292421420050844 -1.0587177153461567 -0.6600695207428683 -0.6263905976894377 1.3883535804902025 -0.9180301234287715 1.0234502716775655 -0.13620960771780144 1.615033358588094 0.11249828794279035 -0.49573185521879737 0.8047272307310324 -0.7694055877780493 0.9998913170086142 0.5590012333592601 0.5898706288191118 1.8296743149328514 -0.5936521893876384 0.4959312108780369 -1.4766306711922634 0.5382115064432709 0.012742108505477577 0.4754765532394884 -0.5683685119017237 1.0141111167178851 1.4227996175967303 -0.454401770732259 0.17448324741719046 1.2959293667008838 -0.2748642765342938 
-2.986265229361504 -0.13113951416342395 0.9004170608208716 -0.055401352624544334 0.08086688510960208 -0.3485995641941604 1.2067075139071177 -0.8414185528061265 0.5159640755924292 -1.2364591401291398 0.1621752009335435 0.21606462303497823 -0.15197888756683764 0.7885655132098334 0.46519985314102574 0.7172707999792798 -0.21365589886193545 0.6057368007415349 0.4649305510898066 -0.7679549983100019 0.8393623393989682 2.3508746258229443 -1.4834575449876015 1.1213192516290573 0.25449675669095556 0.029568493738045504 0.8680229184844045 -0.5537749083881944 -0.26610298054169723 0.5627612736974049 
-0.9477923168855006 -0.9587508641933532 -1.1907890906952037 -0.5582713869627955 -0.6059246807353658 0.3191502386642586 -0.6274353910689834 0.7738517997742218 -1.8838302008945476 -1.0677930050470983 -0.03411090762757384 0.11555280573482525 2.261782069989816 0.7244486515669196 0.010211819663917692 -1.041030267290939 -0.1581306372651985 -0.04387317789736792 0.39546779651625696 -0.4287907282453169 0.4575043591573125 0.8079192897509072 -0.5413561154450613 -0.39081559211891004 -1.1673438275190646 -0.48823665469413374 0.49120159861788887 -1.5970164520064236 0.07910468471801949 -0.3306990469624597 
0.13712821845485643 0.8648840729437939 0.6644760111879731 -1.4751629053131181 -0.6205703991995454 -0.3763891277017564 0.9109750328456581 0.5106213615008591 0.19500826499607274 0.13706693598859285 -1.5545214822047475 -0.20131413237903245 1.0922741615332676 1.8135817699925831 0.033104514697967935 2.2416994685129747 -1.6907035258085499 -1.0561773717402536 -1.7349639852253247 -1.4750044450823374 1.9594395962926479 1.5801800344765307 0.5665330337153905 -0.7951001865481251 0.506418980006417 -0.596640357645904 -0.36610030600511423 0.2403267848233864 -0.5393530078862611 -0.2577023174601711 
-0.9449372986806902 0.3410269135327782 -1.5483850838167437 0.9822455281469205 -1.0606737285953254 1.9213066905044789 -0.6750057725278055 2.289829535301874 0.13715218190731107 -1.2642346935208226 -1.1289050015378783 -0.5408000250335628 0.6967825757532072 0.32238996043838736 0.8151620279715271 0.41879715969305614 0.07931872693213683 -0.3090726866389307 -0.5117135920416126 0.6538601525261927 1.187944829849634 0.27467573432592296 2.432644717576403 -0.33395988423853074 -0.9823093665756536 -1.1224076659513353 -0.6639687956526675 -0.7021852042365309 1.3172220002813912 0.5234417747302025 
0.5691686932319441 -0.5404902875078366 0.8760555545140015 1.2695059301402962 -0.07138445418237058 -0.19497745489267262 2.1253888403007366 0.8141557702639761 -0.051503237358593364 1.0093601777816834 0.4674121763379521 0.29954617993466753 -0.3903616891212544 -0.2813121358609656 0.6715091067555932 0.41721185902602465 -0.5504750432161125 -0.9964725502357067 -2.9507398258640425 0.9714493643679192 -0.5162953264768756 0.1781733558326985 -1.4797009587625032 0.8305985359744944 1.9521663822958555 -0.4428865010674163 1.4008867740181778 -0.530472584033236 1.5955976798218863 -0.6587379442061571 
0.3861257654044424 1.8464485736474165 -1.6057016987226458 2.0575620154066465 0.8723977835113731 -0.27254265925408033 0.9602440550918252 -0.01200068841019309 -0.10952160569273839 -1.2366948865531144 0.44846407132849603 -1.6942849548401875 0.18000018566295492 -2.160488285973823 -2.0208236364258676 0.9464637334079523 -0.875400878680807 -0.35833822061449433 -1.5794669138144544 1.5634113397597493 -1.5978358057929212 0.15638081136306037 -0.3458717656389446 -1.8145513145851961 -0.19928827975018382 0.42168353575894424 -0.46760831294411254 -0.019625468203635858 0.34200770983068157 1.199753366226827 
-1.7564720609494349 -2.1912587554193834 0.7212919641138443 -0.8042076909618319 0.913205468678175 1.6532229940580354 -1.6557668987625658 1.6964505640173493 -1.2820581963723405 -0.5990019723742005 -0.40937918008832125 -0.23200245086693014 1.1493790421064762 -1.0144138348656082 1.409268755331579 2.444923013984354 0.031928752579061734 -0.5879333384042786 -0.5168662904328066 -0.6347078334353686 1.6262279443837384 0.7775332530888359 -1.1044997571112962 0.5749339944961527 -1.1392775327377092 0.6210757080163064 1.5954238725157897 -0.05067262880452039 0.6297304907106297 1.0325619186955834 
0.17561422746366923 0.9646006573051475 -1.517899140497544 -1.7231755623192189 -0.6290625059690185 2.23820460357135 0.5118377187978606 2.3774222653439714 -0.4498542316245142 -0.3919724185116791 1.3837073933929798 -0.7614369256591497 0.545652479108872 -1.160550515070649 -0.5260620617903262 0.7167070833197862 0.3051713625393111 1.4261594772662682 -1.2993979532553326 -0.23782782525598922 1.7261479654536567 -1.2902224041715133 -0.9973393842979333 0.8658126299922904 -0.4685840977721072 2.1048648407741855 0.14773949475883935 0.36172804754592874 -1.5705300863935356 -0.6937954132386656 
0.20764795877162706 -0.2794487179007726 0.9073673914489752 0.24296572968865107 -0.425040060166694 0.9047758324231632 -1.0931387138968611 0.6162033083688294 0.22141569601577188 0.3880220853884963 0.06831738018599114 1.3433843484370172 -0.3049225586979809 0.5435427907989486 -0.021207975979640765 -0.4899379037813734 -0.475015761825946 0.5532190340687271 -0.9312987559942263 0.8821254970148912 -0.48547881389459724 -0.6268277876294581 -0.047509629054515494 -0.712714794312643 0.7690158085799863 0.9388431935169608 0.049555576243850624 -1.6593147127894243 0.9215447708659664 0.809971926772304 
-0.4994141035985917 -0.2609166264865201 -2.1081081884333694 -1.1766330519216808 0.02636038858071991 1.9705921204183359 -0.849161183139001 -0.07315038773747314 0.7606155399187666 1.315973650682905 -1.0394172193261262 0.24296575467415088 0.5648873718021877 1.3843564743773527 -0.9883663402132865 -0.328851899342061 0.5897320746901058 -1.1400647349957898 -0.4583383602139023 0.37118681868252507 0.0014132694957797822 0.20041218850147455 0.9772450314537569 0.7263105169952435 0.9831505463471041 0.6269389374121714 -1.6742259109232083 -1.02323126265423 0.08101076247586185 0.9041479546917792 
1.5257032124251233 -0.48480667393152266 -0.10346365553729936 -0.48811745783083854 0.07168726692452806 1.8197207828064208 -1.5829805846538347 -0.6899241683006005 0.7622772252418449 0.05016148037519558 0.14181366884264418 0.4448276546200414 -0.30782744784687677 1.185937388196692 0.4970508184757907 1.809753736410312 0.9925925504171129 0.4551006958144284 -0.7595729933648245 -0.4714367196511422 1.6577930740232847 0.03406026420469921 1.4477030604704781 -1.186467310336423 1.2209664161368778 0.4299326370147796 -0.5797892650112596 -0.4924743797655905 0.9769830197767876 -0.5567104619143235 
-0.5675982825030802 0.3110145202364058 0.23278623858429393 0.08920904598811692 -0.7194328253429355 -0.5869396838561975 -0.42121676078242776 -0.5729788482505872 -1.2619453984324078 -0.7969208449543252 0.3732884624251119 -0.2461050422010369 0.17506706532495717 0.1526260326510214 0.030841329062900713 -1.4573611748027901 -0.4851561477948342 -0.6406729033111485 -0.6037320874490032 -1.159798594577091 1.0411481800777262 0.978526579889211 1.8597687027668832 1.2952437086551436 0.8987795356371173 1.4124562925023672 2.0696131276259333 0.6380093220012266 1.4119428497881055 -0.518870477644945 
0.705523464747422 -0.6333357631687672 0.47280659639789463 -0.8986278412765122 -0.6877491503826164 0.407152521354175 0.2333737240300472 0.10436251064049291 1.3973592631543945 2.211885406732768 -2.4641592776124357 0.49602166575338524 -1.9470953384706486 1.217524377634298 -1.0863761948844781 0.0461633343448989 0.034749317013737374 -0.2000010672939455 -0.31341542475602546 -0.11141470751774213 -0.14916485681176261 0.46317867190566336 0.9660981376508428 -0.38026771385259334 0.8734241460742566 -0.7410764157834788 0.16491962003799357 -0.06136324707794727 0.980238466510717 0.5467480094500334 
-0.5406469710384132 -1.1147625898780484 -0.018859216872626393 0.4433221210407916 0.13843314419945218 -0.9241019810751366 0.051542123041484006 0.30367011435421576 0.43858398162966106 -0.13302608923092638 0.45937866982387165 0.02013419893959978 -1.0649822201372823 -0.0014945152202194695 2.3732446492119013 0.1773776107831304 0.00460077046195935 -0.6682674445425448 0.8116151576046288 -0.4523680306766939 1.871425432716468 -0.7329975146909269 -0.6203684437570498 -0.6977337800632577 0.2385300006615204 0.007012107241851924 -0.7764210511567653 -2.010818182577485 0.3641156792608907 -0.17431163605079175 
-0.36109173937561506 1.3300080393711096 0.2931091349625021 -0.28855026380910226 0.9624297162663017 0.2788270644373442 0.20694021611894198 -1.793959057623287 0.035317692539753864 0.10155219826419681 -0.8484715381985635 -0.08504918679366458 0.3943233470301597 1.1059632739719136 0.0379921664551624 0.3821129824167077 -1.3032059346653857 -0.6477987640745462 -0.13043429430093673 0.11023875095646907 2.1963108462615795 -1.4842307983330736 -0.7011874141105819 0.5341951423373875 -0.9042424617063702 0.27418835828212695 -1.664138105089581 -0.6732794452470217 -1.3625226200551075 -0.23634470619702194 
1.241520013141601 -2.152648764243257 -0.555525461096188 -1.2112355500770784 0.8763030701459874 0.5362900121989487 0.04627062408218374 -1.2902986652877124 -0.608793389437547 -0.25449551158752276 -0.21484902188455857 0.08933026323255067 -1.6569604363427182 0.5196240496176681 0.9819813648894999 -1.352784077856076 -1.186592457295823 -1.0314867322362438 1.3744447823017527 0.0713610903462189 2.912055176025743 0.9568758838838665 0.7993492740090139 -0.4490304988579301 -0.3618447202527738 0.17459906334988312 0.5258582736308874 0.18765121291876574 1.3389722432238185 0.13594034004007746 
1.0625143410046083 -0.9458627987980144 -0.22962116082146494 -1.6562765388091818 1.9182489913521918 -0.819973492577504 1.9548156407527544 1.20165574585484 -0.6760924268093877 1.1687699397409657 -1.4631039540347068 2.3550708287025692 -2.336016037844952 -0.4543577034088191 1.2340064249699823 1.3949714245292326 -0.24134322798714722 -1.2631628597674962 2.1044321692937245 -0.768540147200939 -1.3007426793817125 -1.562359823524095 -0.22309725159157567 0.10426179020360665 -0.18312696003899243 1.3874809652663742 0.8142022131232981 -0.07241188786308639 1.855652713160966 -0.3333217773251789 
0.044930606154183095 0.7704174346604518 0.18314787950007463 -1.0225132684028106 2.342729653235368 0.7789329530406741 0.30757658385734465 -0.16861893021735494 -0.10624430272757768 -0.20523716534252578 1.3124084770169855 -2.1892449031400107 1.5196417789567112 0.30481348190815893 -1.3755725186505616 -0.4115990488915768 2.6210823311524796 -1.088975066902954 0.5990660723919703 -0.5294858078371852 -1.8415080657349394 0.7618642482956898 0.22301423792586705 -0.7400938255228686 -1.0451550274705947 -1.058149476480891 -1.1141031727626949 0.023963070055827804 1.1394613492145136 0.22841575865857067 
-1.5113583457121214 -1.4977747310973666 2.2516554318763298 -1.0269666599916554 -1.9816057501211097 -1.817820832152253 0.4034178857941089 0.17162861654489436 -0.8112226304534935 -0.5294758280371635 -2.546524205838733 0.5760343326420418 -0.8332530545630803 -1.2427899084431921 -0.025879600803601743 -0.8377685114956663 0.186117433583029 0.5333094492718957 0.9073747337382136 -0.6944787728164551 -0.16150253164876396 1.8428186614003716 -0.7539658735104576 -1.2754095443316595 -0.31434988579116874 -1.9100414598620286 0.9297752612194998 -0.3839706721062766 -1.3972362211026903 -0.6318654212830509 
0.8921901969950964 2.0006527195080293 -0.055625862874265575 0.32558233764383737 1.6481667743547819 -0.38929270535407856 -2.172461951660747 -0.5597898561259476 -0.4254133102516916 0.5705228117307481 -0.7531157347466454 -0.9490601048197472 0.38525769624116923 0.14659367571382997 1.3661714670817882 1.0316144715925102 0.46735896388557113 0.5851427452772242 -1.6821149957970243 -2.020743995723846 -1.6955169687536409 0.059311671927838705 -0.4978514641596894 -1.8758039709890435 1.2412584137114375 -0.5624619017742024 1.0842936951597233 0.3808157368675217 0.27181328954225703 -2.1877090264474104 
-0.09818575137043928 0.45327168406603774 0.27239957755708355 -0.9107687024765574 -0.9083772009868825 -3.60517562694705 -1.7819430044108184 -0.12098015113308141 0.5017093761561459 -1.494044501656535 1.1695940028278824 1.0633674092076788 -0.11467940705462831 -0.9821587818909132 -1.519896387373656 0.771556017445348 -0.173868273337583 0.02942417301617528 -1.3256892192986263 -0.24441262377963113 -0.11943328685893279 0.40280931372815615 -0.5742838817018059 0.24748806932844444 -2.518802001746212 -1.2587371315876188 -0.038734765646234806 0.6813498157516164 0.2219899233896182 0.33360868974865293 
-0.0020693820173584704 0.005444936900817932 -0.3586227004882816 0.2921699076565393 0.810871988116217 -1.147405656859837 -0.6441787341871297 -0.14524458695567546 0.8817516761434259 -1.0646445046045516 -1.0786343272247794 -1.9810045238268141 0.8511801979263088 -0.18712447164942891 0.7962017454748337 0.06440764964198442 1.5935402642230665 -1.016005883766187 0.9433981146105137 -0.48665430696403633 1.18568144478074 0.13256039022318733 -1.494691066338386 -1.4841003962201418 1.8786211815747638 -1.266988418102612 0.006051859792915504 -0.5879465044977202 -1.685378159494754 -0.3950824480056613 
-0.15678255817530437 -0.08558887666284443 -1.0774612720261 0.25983607134389397 -1.3266694906386531 0.3503479408593719 -0.29162018762134656 -0.41644210792209996 -0.2379267063893447 -0.7717831051385072 -0.22370133696724412 0.6099781869369317 -1.5087085008723289 0.7307332040348009 -1.0140192285478715 -0.6765257461571507 -2.0203645138649233 -2.342936360924983 1.2202349949548443 -0.2854354090381004 -0.3042062101194288 -1.1275866221745356 0.028122140419874153 1.4228983750874367 -1.7455326614117717 0.0075635982684506 0.9956347248613758 -0.5682664143813373 -0.07459653709993916 -1.0577563785778894 
0.588241629358811 0.7620910755985761 0.6818308120756055 -0.04363004790301703 0.638982215275303 0.7685122904479864 0.8438008570472366 -0.756263434707897 -1.9258058025136817 0.24392428494305665 1.4977207982441658 -0.7026948227082369 1.922444557319889 0.2391503173520011 0.09980812960026414 -0.8150948196007559 -0.9814563202714125 0.055357300055479806 -1.766447792903884 0.5817042586191118 0.6449145855068276 -2.2631190069143354 -0.5812561580807237 1.4690586236952257 -0.5335439375514173 -0.7394789380073168 0.37326631823307227 1.1070745165404965 -0.5966151803960829 0.2376004012152504 
-0.6964292473736082 -1.107744438012264 1.0604336419647866 0.16678252140890726 -2.0344005623566437 -1.3664539412406163 -0.25538367405216034 -0.03971454613571927 -0.5251164494777283 -0.6327487870893119 -1.488574081232179 -0.9234628914626644 -1.2016288581718584 -0.35846251930829576 -0.1656777536835144 1.9197902903620088 -0.1974460645045858 1.2202292123140224 -1.0235152702855208 1.5411599415332844 0.5918288829130663 -0.5746832997121062 -0.25900652516576905 -0.7989485164145533 0.21125640394968564 0.5416916034094413 0.15540623349590377 -0.6528781760907123 -0.5878658665385565 -0.4696568443205704 
0.28596530594638075 -1.6377930613277845 0.662514490142019 -0.3056954278454069 -0.1966160645165994 -0.376376379699132 0.4229841668461556 0.4020082740707315 1.042453811393322 0.48724195357661526 -0.12397018400368487 -0.5414216293250698 0.5082417766964505 -1.0152316569175401 -0.2562105998211844 -1.6031198190901501 0.2870375375770591 -1.591702298369816 -1.5918304110565316 -1.043255155739778 -0.5248652020891882 -1.2510307798427904 1.2487411726308513 0.3524481707287975 1.5382498860243097 0.7609870235294555 0.2142711659595472 -0.5176512697934902 -0.25926824182777447 -1.2602722965993542 
-0.5501715552885742 -0.14816938293584936 1.6528487706584567 0.04326969065129874 -0.3547579981652507 -2.269563377057284 -1.6535416302588795 -1.3876493468695013 -0.3067341321430259 -2.2642512492224602 -1.0138051968842041 -0.860316765760119 -0.08385865413241114 -0.17322113256900606 -0.050291006813027395 0.04157332749772153 0.23050972378518192 -0.6371934720177133 -0.03945035024758231 -0.09670541363377311 0.09226457572709013 -2.207376800223119 0.15276613398946912 -0.3789574937510671 0.7189125230232013 -0.5601070582096793 0.8872714414317835 -0.47232635942859114 1.118449745455138 1.1050610318512037 
0.5692105439604618 -0.32708177351912815 -0.3657639739646197 -0.4447478520409578 1.098611095910346 0.6306727919766113 1.226092828166713 -0.29419663510854155 -0.8921197416977179 -2.1721677158001844 -0.6281527957268972 -1.6875217592718412 -0.06241722278540629 0.63778243757937 -1.0672556749895483 -0.3644996011980058 -0.19227548993013985 0.5461614505611072 0.09951550767524762 -1.85372269774542 -0.13498902862454015 0.4057994979357511 -0.40930709122538694 -0.112782556240829 -0.14761498992970207 0.07477511741301884 0.18257710322977627 1.636565514243546 -0.386619914042846 -0.1956844697489317 
-1.5783493066228476 0.8581819826770324 0.5592850298647006 -1.1210821304787428 0.8279107072324654 1.8218792575720784 -0.4203550561292172 0.7092498444217444 -0.2910151489129753 0.7819937345208761 -0.6510379088406769 0.2889166609608219 -0.3345393316888084 -0.9233146913476743 0.3025489426699621 0.3443988963708537 0.25174706962379345 -1.7034299016841008 1.7195454329897024 -1.0560059945160654 -0.5181292822263742 -0.3879971302519666 1.7556925605257052 -0.3960447385393011 -1.2396934567206737 -0.19187084289119222 -1.2724171432822793 -0.23565284867555714 -0.006069991485142756 1.2883626578728047 
2.043472352118597 0.33246489446410044 0.8518647413123805 -0.16188576672466853 0.9727732712600863 -0.2125127195813412 0.4902166244907667 -0.6264830571784767 2.051517550185995 -1.2169834104861255 -1.4925312767668932 0.7980599720093178 -1.0352340596802314 0.7195100469766852 1.9913551710307618 2.0281306820152274 3.073985922888043 -2.165248806145872 0.060320357688871645 0.3164075342997742 0.36447522309830654 0.6493431322461144 1.2572421626890125 1.0001765411042538 0.7131126318214175 1.752387206555753 -0.443557095314745 -0.3599992007891976 0.3414926467629902 1.6356753296870583 
-1.61664970698524 -1.786956627327906 0.38035005237882824 1.3565134337322247 -1.0901880142657399 -0.8598872368950682 2.4538788115171144 -1.5140998869238365 0.48902297254618643 -1.9147458266889363 1.6123348608119987 -1.4876348122183858 -0.9153381756841132 1.2787212636031013 -0.9635320151021284 0.8870036522166966 0.8047487499506398 -0.6898887250840713 -0.16067822796326406 -1.2092066896313558 0.7363859429996774 0.02679617681364599 0.3242234163198513 0.7568482120281794 -0.09694036572186071 -0.09945139369882956 -0.003951123874751716 -0.12701721144705955 1.604295770700143 -0.1753578469979521 
0.7143865547172041 -0.7622990832443313 0.5057788574688381 0.7770125217997264 -0.5232290060834601 -0.3882012897612185 -0.2983542728422361 0.5799823768190598 0.40403836593759535 -0.5278253726802475 0.6146259049447258 -1.634123486786139 2.3446634029748714 -0.08005575696733208 1.0788703333615899 -0.5721047974878001 1.1370852991750424 -0.7764793340662021 -0.5755679354195625 1.4082377147172844 1.2248231980248543 1.450385602982213 -1.6084153752258665 -0.655214776475786 -0.9051083859055481 -0.8938475114352955 0.6880381711574687 -1.9242930975132864 -0.958833422918934 1.7017038473112147 
-0.6813400173468709 0.7354008310183526 -0.3058951540000243 -1.550868855248312 -0.9124303294104648 -0.9400640154889492 1.3635468831676532 0.273908685027791 -0.9698220766805963 -1.0462420999509578 -0.12076858738166585 0.3449995226352659 0.7574786530727751 0.01085491932843774 0.23724301792881305 -0.2197200278785174 -2.443193708804072 -0.4424280769510562 -2.2258283589388417 -1.6819476065489702 0.7753470335933617 0.3856873622225118 -1.1838559625315774 -0.18485278970926747 -0.7344789861672478 0.10560794911253862 -0.043500616882618276 -0.4263320194781955 0.12237902143965362 0.28105768978233747 
-1.386639972526866 0.050689030775048494 -1.3684294676115734 1.055428263399535 -0.20997730541313464 -0.3643948337148608 0.6000278720851215 1.1914321651312068 0.9553397678178411 -0.556763230459411 0.4100679228049774 -0.7283709363422327 1.3853627537844697 0.09739969305628672 1.6753336345050749 1.1519283566766991 0.05411943514004996 0.1532494640038164 0.7245995831322318 0.897485322820484 0.39676937858739714 -0.10390770708773889 3.1702960023181257 0.2690058361405804 0.8150988628239244 -1.7710821443130556 -0.6012741442670078 -0.8987055035287622 0.20774725557489654 0.7906411297171181 
0.5621880711876588 -1.5296546031328204 1.7605764644774604 0.294974395179914 -1.0511405749228517 0.662356723154445 0.9761070307308218 2.2956355410290565 -0.17416793665139513 0.20779400022015154 -0.9031198689261382 -0.8448322843094109 0.5113753105840558 -0.36444930535968245 0.2003065407360978 -0.7147245532603996 -0.4682950359212742 -0.24542972967266452 -2.071067759297637 -0.7103711149010941 -1.9148368451680653 0.9871344424553611 -2.195641147218536 0.4294757792576833 0.8166701381513763 0.804431422290142 1.1421464141651854 -0.37015537719252406 0.28096478680713255 0.30843332700632414 
-0.1440893332296859 0.9292192593196601 -2.847120185459447 0.5728084759848731 -0.053197087617249394 0.19926518450265188 1.904978180450003 -1.3976901186814743 -1.4822802004239168 -1.452157088259805 -0.49842982462029084 -1.5880089861297404 0.3226904595301461 -1.5329253623292867 -0.7373283307646021 1.2308423820927459 -1.1273852312348556 0.6558707985395942 -1.1063401754057522 -1.1696222939270888 -0.8197395841347527 -0.3245523215790326 0.2576100075754163 -0.8810282809428689 1.659793104189161 0.984254058172112 -1.0083890792052952 -0.13324357897472025 0.9331295415764608 0.21434944194387123 
-1.9263095489473978 -1.634719793665186 2.2837190387722996 -1.0233655006026012 0.27361289097018476 1.3837573419025233 -0.9734019677526207 1.2384402746776781 1.205831025190205 0.2787765662971748 1.3884391696686407 -0.46693167611044806 0.6768678428375825 -0.8801092149958876 1.4098325572634425 2.5052016198135068 -1.350939863983709 -0.1203256764197436 0.11153198620337185 -0.006778222877400375 -1.0497407051638563 1.5973485151052031 0.258831681026768 -0.6992953379624911 0.20583211467458207 1.0760145189022334 0.06126583301580013 0.7586309980357853 0.018203528477597875 0.5774556712193103 
-0.3911228361298732 -0.739310512794241 0.5220079345704361 -0.8455511229967142 -0.5849139061290571 2.351935716714003 0.5189904944251651 1.0478641159452633 0.7232489109334181 -0.41418791673862276 0.14968574709966576 0.3745241549851343 1.0408638612585956 -1.5625599480868155 -0.8347868031807875 1.642005919473397 -1.452422316543287 2.2187794359405877 -0.49669071796667763 1.493003593260516 0.7284467589089969 -0.764557507716404 0.2610135448996313 2.0265091049507555 -1.2368643713095449 0.9828447856632073 -0.7931309509544902 0.21462982007204887 -0.5927695769057063 1.2520852003799414 
-1.2535317424207384 0.12618584651172907 1.2358339964660194 -0.030875225076680904 -0.5614637749521846 0.07984987990529713 -0.5344084351779935 1.2809806625338949 1.2702383502589736 0.24049568100083035 0.4892091673424267 0.783161941621166 1.2755711729780175 0.12813448233339694 0.5094174337022757 0.30466303701063113 -0.07802973105403344 0.602953801084003 -0.7283675129199141 -1.3036212312067355 -0.09069223402851775 -1.0526490505727288 -0.08806959436126681 0.22460445219791064 -0.8232635659882687 1.2723092821717146 -1.6679726277072984 -1.5910187752176532 1.2905295882616226 -0.5523650922560354 
-0.17278904288063146 -1.1404424501778339 -1.2065978991760848 -0.8899314614429139 0.28953860459142633 0.02558140600392289 -0.3931030664078951 -0.3364576481081309 0.23399115550473787 -0.33846649751395075 0.6121534852739864 0.7486172847948002 0.8062442485094281 0.33835951306578077 -1.2922954230024648 -1.6034407791174414 0.358751027095337 0.2545124366052788 1.2418345026348372 1.490865999479577 0.32567874882594916 1.5225003357661175 1.689833023880361 2.0706258123790975 0.4148385141231769 0.4421937007952064 -0.6507457469738417 -1.916925483739503 -0.6521512442590329 -0.021686800975898757 
