30 30
-0.48432974997131667 0.4353214031465267 -0.5298350438105638 1.620827561405334 0.6295471467597922 0.9049783971989047 1.3536896116477954 0.37190447483210903 -0.6213167556461553 -0.4824464630846004 1.672271618719394 -0.009479886270555661 -1.3604911925388674 -0.4220318260775458 1.4920236555624125 -0.9506955271505168 -0.819527690296772 0.4365946347566713 0.7755243564824047 0.3662561212808207 0.49898765422249997 -0.12034644032876106 0.49134213194219034 1.1350387458031914 0.291815464122283 0.6407863884411616 0.297958284757258 -1.0753613625578637 -1.5942567012184499 -0.5194542301969499 
-0.08842306118145378 0.821805990511573 -0.457098481188783 0.8034858152880313 0.20242809773584175 -1.0284280034442295 0.3653980007862247 -0.20056663446456707 2.136616795405247 0.8222517252148619 1.5085437105379478 -0.7372286230349515 -0.008846304144472478 0.5953107989750465 -1.0386162686889346 0.14262253620939325 0.037971269974480616 -0.4825273022809384 0.8445580557827969 -0.15213661356419836 0.38848502191380635 1.294680015130769 -2.1566455680019097 -0.2576583149171628 -0.7687240519482486 -0.7671163853681342 -2.6719729675592068 0.7428010571668117 0.7676997054754231 0.3898617927619107 
-1.1268679092589922 -0.6899213469136015 -0.3255994672276763 1.4763958507327286 0.14057257287835442 0.3732423636664057 -1.0770020378757685 -1.0767046518377328 1.9540295828101208 0.5537495497576351 -0.7795777889242642 -0.44912828522993276 0.8155685220968439 1.5162181033770727 2.171949899678937 0.7778835307173438 0.5162427733812599 0.3880727505708404 0.5255592386907084 -0.9279251684263758 0.6320262418584023 -0.6121194724736819 0.19560790445521128 -1.0992115069483541 -0.7973860550942846 -0.7479549705235624 1.2283972734212159 1.4885260233674364 -0.38594743853758834 2.125278584662415 
-0.12590132210302415 0.8233280935084804 -0.0703813907471731 1.1439338216850794 1.0985081808979265 -0.6103652562403085 1.0468596165614399 0.5313345919601627 0.5475721061932136 -1.2286962217084294 0.9747283520785656 -0.47450850388863847 -1.4431590444995355 0.3251329227897268 -0.3847613638321121 1.3311933693966254 -0.6598933902169133 1.8093686738192225 0.3297860350124483 0.007218262528097272 -1.6825296479216256E-4 -1.187909084921817 0.9917649865363375 -1.262719095532513 -0.8875912064378929 1.291126594713428 -0.4637195431856583 0.030654695577019695 -2.5600884367523493 -1.488257229552204 
1.6214221838473235 1.1286923843824117 -1.2474493445995323 0.7348051837139227 -0.28473056429822635 1.9610661638482916 0.1504184817545878 -0.474875063302522 -0.6645375358622225 -0.34094203923524313 -0.037948131777267115 0.8157878881948448 1.8448073293254006 -0.7783929340345392 -0.03838047646614245 0.04693564184839801 0.20459960018678647 0.5593320569273443 -0.21667719484328116 -2.101056863641516 -0.9179230066596088 1.279982422378744 -0.07140246122362147 0.8052728394453864 0.6115109294912215 -0.5023267774931023 -0.5524672062097254 2.822740508611326 -0.46807740151067206 -0.21166292527942546 
-0.6129421362138299 0.5069961609869138 0.04161869107666903 -0.12351262156506547 -0.4915638998289348 1.3296406975309034 1.6694745022549213 1.30295704517471 0.5379657809547062 0.9306246098467548 0.23035058174203768 2.0453171439977593 1.1812808549356 1.3608891844514908 1.5348025930131919 -0.09422119773979151 0.9260781050051315 0.11700859123430604 -0.2524871225702137 1.8532206128427182 0.05370454398095418 -0.5050455396462091 -0.3968263414334495 0.21962417106074597 -0.21405624120107464 -0.3981932309969053 -0.32734262064921715 -0.7045284899860336 0.50331678289278 -0.293224938110365 
-0.8015712167812508 0.08434286394890468 -1.2791084224240976 -0.3781794611573429 -1.202527359060501 -0.08485051369165053 1.7376869196788787 -0.4119226564870661 -0.06995588101038985 0.5211377088055131 -1.0118829499444861 -0.3253394280392049 -0.4195282362941677 -1.5305220399076034 0.44802290203848216 -1.3690742046810034 0.7461923756006089 0.9441606058803359 0.5741610963392838 -1.2996203400594148 -0.10423278696092204 -0.02755654784285825 0.5325328716985006 -1.6719863417654748 1.0680103213711674 0.1738229894090943 0.3168539134225356 1.0404834611097202 0.4519097473821659 -0.7836786941426588 
-1.3347092032877927 0.028860451297171748 1.08782896255976 0.4498741425168154 -0.007459896937188033 0.813886905192047 -0.6372353757840054 -0.672326686879713 0.5008278931794163 0.7294808233647897 0.5315148110834405 -0.23985045449582407 -0.06936749970880686 -0.7357118664866554 0.8228005526199201 0.1624230387424278 -0.9205638149631292 -0.22328423475370143 -0.556983674107412 1.0395891320657555 -0.7208143602711967 -1.341670635375278 2.405533393450025 -1.9819217600371641 0.1941752956159421 -0.9169769065152881 1.587046323258618 -0.5969548667481818 -0.6481280776059998 -0.4199951313490268 
0.5869477697628882 0.813240647265839 -0.5286950345558855 0.24283640425933167 -1.007795865451746 -1.0727392898698138 0.2689907431853064 -1.5080576753502202 -1.5700541317034622 0.15352543624511722 0.8705897796783653 0.974379462260658 1.2215682418146045 0.6488003431613382 0.23372456926238408 1.2418169980809284 2.236636100274054 -0.9260056306065452 1.7905622914688712 -1.0538080820079736 -0.33820089190647873 0.8724746784789734 1.0073717719005857 -0.7029481298432666 -0.9822621786437291 -1.3587637749955974 0.025975275429997863 -1.2053328505112952 -0.22714990114654027 0.07413571343866164 
0.9760424300462044 -0.46134551772514876 0.2714334240430456 -1.6605749540611143 -0.17208806241751742 1.8129950934253427 -0.6970399224340383 1.2344304004137874 -1.0417898937124697 -1.3072343004130336 -0.42790812013315993 0.13124470029270965 0.36702903748701865 1.0648769758195331 0.7335557482589248 0.21412792592673002 -2.188272354159675 -0.0715323544067252 0.5323878301283261 -0.0924495896183818 2.0843178413915022 -1.1358439485456313 1.0479568260999488 -0.5516636220177248 0.5839918932583696 -1.4385312278959002 -1.2107051743574802 -0.5573905283258862 -0.7604867183634857 1.8933606698273042 
-1.2070759430748712 1.446545752133843 -0.021971685603606437 0.735972482325993 -0.47804595484125706 -0.6300445461668205 -0.6980725998956696 1.4462578129050772 0.30787979991509545 -0.9063533144761388 -1.200835097079331 -0.14579312398726188 -0.288470592057653 0.09814599674121988 2.5452741931196194 3.606422631935877 -0.014766407843514505 -1.334879770665601 0.23827134836841773 -1.2724825284510637 -0.35451374935183 1.195358225758072 0.7360281276311874 2.062662538004632 1.1685366182705683 1.5926839249390388 -0.03130935323325415 2.047763127832461 -0.4852917131363424 0.11691420537569505 
-0.4832156839505927 -0.3544202011623632 0.14119704274481526 0.9182200961938294 -0.38750957081376186 0.5498709519268259 0.2291770778229791 -0.18750375862249596 -1.4561561661663607 0.05920468484927138 0.5491353271767483 0.4522627389371874 -0.348070667229283 0.04888877914976048 -0.7661632180940493 1.2168955834159747 1.415483191661018 -0.40857534948773366 -0.4855924905094204 0.1096206172660013 -2.3329977581757713 -0.550416652459965 0.29759871275609 -0.47855933091843655 -1.075019791853282 0.815105950868712 -1.101574561720763 1.6155347082103013 -0.2634291092522209 1.279540718121541 
1.054605368132123 0.2719842099986197 -0.7633337755493146 -0.3509747056904887 -0.23194862258416266 1.0411933321007631 0.602016534072531 0.9147377377058487 -1.0648647280733183 1.1384287635649044 -0.8803773706537121 -0.6688504398515961 -1.5399735245851052 0.013627892120208344 -0.339841858617139 0.7326389529270843 0.41700762304826333 0.3635707773186589 0.47808607907006495 0.05707284411599515 -0.4204561869803831 0.2748005654662922 -0.505572969746313 -1.587918165490377 0.3919914643657924 2.4501403816663503 -0.1921126676506646 -0.8039407134698456 0.45719710395089486 1.936005940549906 
-0.7223694380610822 -0.35745751388336255 -1.10095962674529 0.668002285996213 -0.9192893624993494 -0.21860741478951784 -0.19945736813242998 -0.6793462971821068 -0.9031934280162942 1.3803456820407358 -1.4255048411318778 1.7419754918205472 0.7711364283263628 0.7979611392326235 -0.2624968999484092 -0.986309703303457 -0.8848793733605883 -0.9392991682594195 -1.1428234549162046 -1.2937857842997493 -0.3823704239916305 1.1692399796412332 -0.22090571536256365 1.3580959996337496 0.35663118133239086 -0.9935017539651374 -0.7265801156716082 0.6452813640407373 -1.3487822856838847 -0.16829654149738588 
0.415927666941269 -0.49422617693158477 -0.17571589339919647 0.4609030759526919 1.0140541275160981 -0.8140192156777843 -0.5930501455898526 0.48771856051520485 0.019060688746005503 1.153632358352514 -0.18561960722552678 -1.0154976889163845 1.3921064653518698 -1.4575352831715764 -1.1224815104758934 0.6978229446486347 -0.9513218288370489 1.2036315141814002 1.0878895471995451 -0.620342638445445 0.9730787199532994 -1.4209885588330244 -0.7201185079760737 -1.503223741932737 -0.004427005340461051 0.18846521312249775 -0.08519799787661685 0.6837966114028898 0.8821775315604659 0.3895290510796163 
0.3227860186821013 -0.47294729472639824 -0.35258461548365816 0.7938953719115515 -0.17293235839726254 0.5060438425629821 0.7386989911686048 -1.3140678176836713 2.230510724288949 -0.45830605123936613 -0.28915256179630894 -0.7331980488841793 0.9604639444909561 -0.24922266003061774 0.1919437760482919 -1.1408795644789713 -0.38425107971595657 -0.5962654215456754 -1.6837658628611634 -0.9128271830733362 0.02450850469627702 1.3731575831575031 1.6508849169521673 0.09304175744667643 -0.746512326273784 -0.34693537033958016 0.2850797371894887 -0.7701517920108032 -2.134909887804009 1.877703816612844 
-0.7221198857354714 0.72773294797926 0.47602572098719936 -1.800061729096066 0.2830567948692353 -2.032476803156785 -0.3156292602704064 1.2777024174925447 -0.6032306350026088 -0.37973297153155056 -0.29185964491838196 1.7168493143173968 0.15938243451751896 -0.43931140469913377 0.8340489423542033 0.3876884068493667 -1.2450651699546291 -1.9615858768992251 0.648231710773599 -0.9974621479985327 2.0664342446686073 -1.6906763890227843 -0.6134233563350407 -0.47369494995042566 1.0152378226468397 -1.677911297769179 -1.7198254741910821 1.6077780238632142 -0.8758420317024163 1.0203916454372213 
1.892060921242324 1.1553626870977443 0.21205101453643665 0.5545850902373712 0.8638474842096157 0.17828698069574317 -0.32768215005660256 -1.3997943301816658 0.19565053246241798 0.5367129664333782 -1.2090891975273987 0.13980737930291137 0.8876129063741387 0.9231044304161639 1.3011368388345101 0.12249212647713907 -0.3708236580322228 0.38697120456525164 0.1397926761940989 0.7439515762386526 1.090279958713713 -0.40500582393224027 0.03262823967408132 0.5872597889409414 1.0661944620629042 0.5732820475871498 0.5465889733398723 -2.770891115918086 -0.6108511234556023 0.5239735358882092 
-0.36383942089702964 -1.4519572317354614 0.20465853347962717 1.3207045958064094 -0.3240324879884652 -1.08417288677978 -0.09932521633977445 2.212012781646301 0.8864445151842123 -1.165066404025846 0.7929461540458456 -0.27399696079395586 -0.18277682314489627 3.5246856129494195 -0.10997696462488296 0.02027921257437289 -0.419170814067718 0.6436693258460972 -1.8565581434510008 0.7572238148446635 1.3977894187103437 -0.028239443228083257 0.7244417851541547 -0.10166399814856743 -0.06128899378634648 -0.047594487452071635 0.8512708271853334 -0.2681563757970573 0.8099435564643025 -0.5047022606788669 
-0.01817081101930807 -1.5704421431720366 1.6693881799985897 0.02685527957309708 -0.4448144596484703 0.6397350420742796 0.6947299278930682 0.036784776618574176 1.0023206385148689 -1.3722882636879532 -0.9231827018465417 0.7028027283448591 0.33623781000782216 -0.9499810501218953 1.057902748207421 0.45151148619579395 -1.4927934912393492 0.5173267406603345 0.480789482115247 -1.1850888577238101 0.762045360955928 -0.36673874864184125 1.4960412008421298 -2.375249578383891 -1.6357986071431276 0.5795945428938962 0.6975130526322986 1.5152960878467368 -1.0833424457170566 0.38471532837997674 
-1.0866853411067168 -0.9663211396652456 0.8833994793895643 0.2102995716827213 -0.3133654151772283 1.6881801140684274 -0.46480454893534745 -0.16950421682953454 -0.7594270021910108 0.6888772129862538 -1.5597306632408272 -0.06735787760143087 0.5316396089256017 -1.8143398223902618 -0.41581169876227253 -0.7250110680172273 0.27203433671689947 0.07055303874454968 1.2591145577726166 -0.25673008938042324 -1.7148458551466845 0.8856447037345749 0.22862343409498195 -0.5805021815151746 0.3766017278941076 -0.5541365537276363 1.266221374622445 0.6946567852362122 0.6265298266652929 -0.1142688412054553 
-0.3521149202830924 0.04353505540063169 -0.0013798974717797376 -0.17648363610006113 1.2862233097566005 1.1163551491774593 0.3176929873004908 0.8681998824793883 1.470123651543387 0.5710096694846943 1.2649199241952969 -0.24085600821285919 0.9237299932251402 0.5955276860153178 1.2432997802079726 -1.7786738844264491 0.4072549345037814 -0.5020910080372563 2.3757909652205305 0.4006010163287856 -0.014975884148757146 0.00762483690621649 -0.7000619830418653 1.8298672762355421 0.14617255506078425 1.1630709815396476 -1.193975854127474 -0.8280194985262131 0.7417294109138887 -1.9390084400130887 
0.23110130406447993 -0.2299766564900967 2.275651078623468 0.34837927367112714 0.29925435106501597 -1.6197430525287502 0.5073192459848739 -0.892278323073832 -0.08708522542005616 0.7820068183476053 2.079175897189629 0.8878231653031973 -0.023382454400666924 0.16469799174007843 -0.8150606472568382 0.5058491386050663 -0.8745134714419527 -1.7703977730361422 -0.410311371213225 -0.031170018479647215 1.5655099629912785 -1.8739710157791214 -0.6249672244340149 0.7707621781103899 2.166731225567349 -0.4464874012384936 0.08366677223903184 0.2538242904204189 -0.2350356306491932 0.16696590923794066 
-1.595834944841356 -0.04360195637820597 -1.0214048476790627 -0.9812820261820021 -1.6642349943829304 -1.033163584437008 0.2698479558347337 -1.3498234317552744 -0.14615171701409305 -0.4760763123299798 -0.26970555171196714 -0.3162247822931165 -1.2298236800354936 -0.6596128742024402 -0.31774106576027106 -0.4582614113088054 -0.019149125629438612 0.22183853826373798 0.6797947252871818 1.4704258648769422 -0.33349232706474535 0.6261163148297758 -0.29261717870313797 -0.09193339964356813 -0.5571805906242944 0.6917462314194558 -1.6146903880427803 -0.8168398215913533 -1.125562726224379 -0.33690073847866425 
-0.46534925070566757 0.1754042284894399 -0.6044042988605108 -0.3174383801316877 0.12719675921083645 -0.7793990743313143 1.2579369344634772 2.4783826558331032 0.341307803750775 1.4134036546651785 0.7801697623326626 0.6292966040592614 -0.2995439754839934 -0.4317299814512368 0.5503407461614104 -0.5828829417386691 -1.7591254666648415 -2.0621905440022674 1.8772773521341928 0.7952731795321403 0.21576103596421298 0.6697705208960434 -0.6499026835822415 -1.1046491441485742 0.9155597198743567 0.027455544174641446 0.47392862049099765 -2.1444700551368494 -0.8477570489309014 0.49846352658617854 
-0.25376474087498957 0.8792503791795268 0.6810786243335183 -0.931069428245955 -0.10386417205049125 0.2903040700177788 0.5720960231761374 -0.7543884661122437 1.6832749528742592 -0.4089488756891883 0.014440517820193234 0.8077962129833826 -0.6116953503717356 -0.6868252104608891 1.0569217058718419 0.9736272074050303 1.1417234201613797 0.4545541017742694 -0.9184796160432784 -0.6478926120729395 0.3121433554661013 -2.210848120021433 0.6649501888623628 0.31046777877834747 -2.261543007774802 0.5735135373301227 -0.5989338991246913 1.2645381933728992 -0.5647799793121603 -0.2815360642372943 
-0.7252868626761727 -0.38897894591938836 1.2229221505964591 -0.30388211407690185 -0.7307910635512437 -0.291508010748409 -0.954361081786925 0.08481903367379312 -0.32052365754943934 -1.2920972833502495 0.5246197000126408 -0.15661470254300358 0.034282929841576486 0.26801382669009144 0.3919754067565578 -2.0294422990380077 -0.05923616014631394 -0.8628192593251899 -1.3009180519358312 1.0629178126413223 0.15191409714139206 0.1876597947962374 -0.11910620545992166 0.4380870605697903 0.869060999507834 -1.6036569388760968 0.38324017070431565 0.019493022723708172 1.7362282928538337 -0.3762048418325629 
1.6208517034539642 1.6849321471632401 -0.7430749029309 -1.0992577716608836 0.4140706002556985 2.825170595659857 -0.6202379970121978 0.7012949955304623 1.4832377306506028 -0.6740202245644065 -0.13485556482307462 0.6305055887172551 -1.2350821937200072 0.6889817160469348 1.1433895434253216 -1.1388882173113903 -0.1439426724844076 0.02601283534259588 1.467093704333812 1.2247917903223282 -1.4475647223126664 -0.5425414395048109 0.5399452999863366 -0.7675003389173941 1.0871983214867955 0.494931979996396 -0.7315878572321644 0.14826785218838615 -0.4001911641981157 0.19437033121323102 
-1.6889614861927615 -0.5015110093470495 0.20633540866750422 -0.293669439221178 -0.18077550118263813 -1.5601147361619254 -0.4891423011729469 0.007152353712237719 -0.3707060232216844 2.068927934530145 0.5492190162992193 -1.5428201442078109 -1.748760894913157 -0.6958617489498272 1.3608076589096725 -3.827786729161805E-4 -1.4278204478029968 1.1170605738645532 1.3839375129669005 -0.90716910828781 1.3288739289792946 -0.3383274022749286 0.25889959892585523 -2.2260517140339076 1.9993153469739915 -0.2800212151442966 1.3388661082419655 -0.3738303474804052 -1.2492153965189352 0.6689179129951247 
-0.2795370424204458 0.16082428299569956 -0.2432365545602074 -1.3385181402749253 -1.2428400410679905 0.4406424969405446 -1.5756763514569991 -1.8082083777763354 -1.567200789313058 -0.91855187545399 -0.5221512316159462 -0.46850856604664354 1.028701296652801 -0.53502518655874 -0.2179435015467496 0.5269325048273502 1.5378542723597248 -0.606526158697403 0.038419303331228505 -0.40215506585493016 -1.3835366735772687 1.0191323552156906 -1.2753966852326935 -0.39533986184519754 -0.0199950656427836 -1.872248349922729 0.8248968353874064 -1.657287321010587 -0.23628601423021536 2.9581510043882004 
0.31375573922735345 0.2393571225902245 -3.110076189586458 -0.3030584570539647 0.33024692454652205 -0.03290941764866101 -0.472724106454525 0.2889471554617746 -0.8131267830875057 -0.33534016628248836 2.111166215750826 0.4735480105334677 -1.3780021395548205 -0.23049328383034381 0.5581805277642133 0.22301574068768176 -0.7252016515070717 0.7948139529472409 -0.6433781563205183 -1.1672548124593376 -0.20860754827495545 -0.7152559257713689 1.4130959225129966 0.7489732016230088 1.3288117035909388 0.5285748452147863 0.8318881832407052 -0.8975641637102945 0.08622397765492829 -0.5836853772885768 
0.2599532688570632 -0.7333927569039222 0.31453957907264984 0.3303520875843399 1.0642526217282133 0.31917046565431595 0.4682362803656889 -1.2729385468659378 3.186713778955953 0.46849629614860905 0.5720118020232895 -0.19977722360812358 1.4071279501594764 1.7559386630101141 1.2962671389670386 0.8744790254340884 -0.14961615822919008 -1.9834169099446217 -1.1140924525779394 -1.6385408821625578 -0.3323154371486321 0.4845579673071615 -0.7857046683397171 0.1960268590689788 -1.04915851411801 0.23706314519778482 -0.5460118662548308 0.5528174785308555 -0.1295161422955362 1.330378449016534 
-0.029181005156839523 -0.6457272691405356 0.07541080700546823 1.1752195318859762 -0.9474749104866905 0.31713317360376936 -0.059049160454294924 -1.629054729812018 2.612302960708387 0.40066460583637253 -0.5378660857334014 -0.23123074628269333 1.3444263777322698 -0.14338770753385022 0.9134235702346571 0.2381775078782562 -0.646791684247471 -0.39617679659269744 -1.6697599480080925 0.6602685245070529 0.9539051247837194 -0.929815101770936 -1.9006014394546988 -1.0127649372591898 -0.19201559969118911 -0.37844942296204187 0.7758520002276499 0.194115399545444 0.4800654871579897 1.9125008262201146 
-0.41889528975324947 -0.5926692328663629 -0.357350417598251 1.4665967782912939 1.1237398318350422 0.20316705820919584 0.9131033619017107 -0.2883820828709676 1.3896162143518689 -0.0016551052147426581 0.14148883560945008 -0.4478398733998511 1.139245432443564 1.666583634425353 2.093515319761455 1.3974625206008988 -0.5467426578512553 0.329950677106584 -0.22666252142729948 -0.6807125218676345 0.02264804991198385 -1.433120582321561 -0.17763167391718543 -0.7841144355805344 -0.8899395805300367 0.6758976329376065 -0.7018829725699164 1.512509674819829 -1.7459564153742142 -0.3915430837201486 
-0.6675785707620321 1.4867218489527705 -2.685727409156436 -0.6531046375597679 1.441994001143313 2.1979819596957966 -0.3952347961521904 -0.0060371612963939225 -0.37921549988823283 -0.6440175776717898 0.21160780043821334 1.6765071439552628 1.9729916515017436 0.10685320030188294 -0.168438271925571 1.4797737295199564 1.370736526275125 1.0214890670143766 1.1005191752024834 -1.5959891388334442 -0.899676466346094 0.949384494362832 -1.1687339158029424 0.9216520575990332 0.8421338379366348 -0.303879770608231 -1.0903326586605182 1.3179020327498778 -0.22159314353850007 -0.20151742009771237 
0.6847987726757866 0.1867467876541148 -0.8156033180464033 1.3909711004492247 -0.5711673177416812 0.430229964188668 -0.11948782833759863 0.21369626081814302 0.5295743093948609 1.0721780102137892 -0.3072988866165078 0.2739354029063543 -0.3422521195608156 1.1917499676075423 0.06303064447993223 -0.10740659479409678 0.5265649304052549 0.39313342902313303 -0.12767652738554866 0.9656041601056967 0.630923085430968 -1.868121022620002 -0.44565264547355743 -0.14410751313230968 0.7612733997388622 -0.8359450057475317 0.3393957302579854 0.8017062588545082 0.211027380711793 -0.08919163779103119 
0.04610605820729774 -0.3281864820570493 -0.4812027018143419 0.33009356719854727 -0.039534928329758356 -0.06705758158171342 0.8202939260249056 0.9356514835517153 0.6514406353540134 -0.9084484167839181 -0.21571153966012108 -0.27141988318069277 0.3091659527217123 0.025661814899673674 0.09603983009872047 -2.3854898370911806 0.4011498236061704 0.2418104660808889 1.4783954791415619 -1.2301245022588048 -0.3927045474680398 1.3530785722619407 -0.9551856433163175 -0.1773534144028831 2.1125635739500073 -0.6094144620278813 -0.15647364842656145 0.6915310993371455 0.5226773076514329 -0.08748806559919425 
-0.8035796656953355 -1.609812883600044 1.205005491450095 -0.8807193453654468 0.400026762145753 1.0775760570931578 -0.40889790337326903 1.0065960607965403 1.3785599615125976 1.545699555383028 0.9986610325326283 -0.659161291956966 -0.18268907025585407 0.02247673225082386 1.0605347224326187 -0.5477095165750925 -0.8104767529992463 -0.026338512598503852 -0.02986396210619585 1.6120014255594544 -2.890943440587065 0.3865682243440357 1.7529346481199237 -0.6333192665095118 1.5153990339490235 -1.5011694065455254 -0.5210066294190012 -0.8903405753157054 -0.9598704899849064 -0.29225081775717343 
-0.7641435378888103 0.8465996958969291 0.005555771806724008 -1.8198208929401836 -1.5128425251935482 -1.7872000153693972 1.731555874285576 -1.164153390572443 -0.4516096106751186 -1.1420341102163054 1.2002265036790547 1.4561436131026253 0.848604390346527 0.6086466949365781 1.0232098767642304 0.6576265582507786 1.025860522772298 -1.305684795459105 2.8710231434344893 -1.5906773287490066 -0.7556526139201597 0.5601202103986394 1.8114680769958378 -0.9582501625971052 0.17975613943932622 -2.0947351270983936 -0.5791158352533029 -0.12502177852658797 -0.08257279359364528 -0.9922816127665626 
-0.4901981373051563 -0.619487268665557 0.1752033996543524 -0.9605385618499007 -0.4499520772783391 1.2700907394891556 -0.6689519220607342 -0.6818570532112126 -0.6214864135696887 -0.5932807141218371 0.4917620065589238 0.9445505779022093 1.298529736598823 0.23551531104106604 -1.1634846613803687 -1.1664735011163758 -0.9928792901764864 -0.5703106344214905 0.5368567406710636 -0.4634116416122007 2.8995231694408363 -1.6991325422543215 1.4917928840239831 -1.3469933372857306 1.5145280857087202 -0.49007704559449417 0.41841358977954035 0.7297424420634778 -0.07001598322182634 0.8210717140452116 
-0.3806572721852013 1.6458037136667314 -0.6559596432586774 -0.34159423116629084 0.33592154709262545 -0.3264471527327325 -0.8597655821009312 0.9392032299778694 0.4163441231880737 -0.5372481991845353 0.4706046045450809 1.1256684827836123 1.5536693197080182 -1.3378112481666566 1.4380372044194598 1.384891407892725 1.2639970128474984 0.8492961712234239 0.9442961454259544 -0.39799876222434205 -1.2042275422389714 -1.1445358433654504 0.6778473081383787 1.2760740929810634 0.32881650666060774 2.1236424001826517 0.4141851361423798 1.494785254832079 0.3197524210167396 1.0516425963490155 
-0.6408024501204537 -0.6466001078030096 0.5541594008050055 -0.39685645535458114 -2.106204143650147 0.012468514203579972 0.23837869750719626 0.40682410304652006 -0.40280483079833246 -0.6993587564198901 -0.9236582547383131 1.354839330738253 -1.1397177020480744 -0.8098269357877314 -1.1672365198303467 0.906673173078537 -0.020131246462794627 -0.24441087176762744 0.24874836130890018 -0.08050258867891433 -1.9147353661963646 0.7004142002330703 -0.6829362673496724 -2.361633110382904 -0.6227643725350261 -0.9159284785186049 -2.032890555337353 0.8480677675038436 -0.18217760430914598 -0.5008863378144958 
0.1294853432386684 -0.14622099514563153 -0.8631219560640782 -0.721938469345061 -1.2753536327884494 0.12237931566268362 1.3605425875453105 0.6859351028920118 -0.27757868656766543 -0.7391664539205003 -1.6619214389277452 1.008416895216915 1.0226610035659975 -0.3663651769733717 -0.3997878359302619 -0.14614483813591683 1.6810327051106828 -0.9974985157227829 -0.9724350572782738 0.4318812044991974 0.26293381804402777 -0.7079726226537463 0.08395984144515256 -1.8795425998061015 0.614208035063134 0.8432355282978858 -0.983572775236837 0.20036246428910826 1.431932769602101 0.6599685545429981 
0.9045594917548101 0.4030096724948085 -1.4669394032519858 -0.39067390999553303 -0.78292348859445 -0.38478923716416136 1.0463708568763208 -1.1894347419034588 0.531091694363585 0.9113624759311288 -1.5006665380238813 1.223695318629637 -0.011468193501479207 0.5967990092525419 1.2945143848134963 -0.7540229538133963 -1.1593368392181562 -0.4410408598085296 -0.4874255422651589 -0.5104259264715011 -1.4499159725431654 0.6072611639047271 -0.3601278337007464 1.8839216389260054 0.06321178022629316 -1.3063837281220878 -0.5966217041965913 1.4058438105849673 -1.90381085471483 -0.14654131583042201 
0.47255482048354247 0.8504433252105068 -0.8182443943506322 0.5359973494690998 2.108292414029274 -0.8974999173746858 0.45752490076714086 0.5294732726854411 1.7301810402399012 -0.006694849526612923 2.002241401933655 -1.909374396068607 1.0853363890655439 -1.1973510195868708 -0.515605736292215 -0.09636116798483418 0.33079804984523187 -0.21329700102405957 1.0750676914998523 -0.7893828836722807 0.288730627764977 0.3357758141028181 0.7007162482836377 -0.16801469711508643 0.6791600828775101 0.4327459654826057 -0.5574369116959593 -0.24884343886050458 1.3277967885498665 1.159061433469119 
1.1089554294127764 -0.3870594262468616 0.08531440585500144 -0.43998972149651655 0.5529503216274685 0.8713310151843016 0.2297343130062195 -1.1647502423542044 1.2749625716344821 1.2751612301291935 1.6848857781862785 1.6557728367923459 1.4807498820182345 -0.6497229924148172 -0.3212931407918024 0.5216871345007578 0.8177850279472284 0.4469648769111055 -1.3590588893467537 -1.7864317188948802 0.5716873702938318 -0.25812474045280187 1.5953087278604352 -0.012977069782473857 -0.12371910931899613 -1.285064714344226 -0.10389443658138509 -1.586170497470078 -0.04935569540522233 -0.44085479438516284 
-0.18805069808275576 -0.039087083059023975 0.24110594982605146 -0.3492392991983214 1.281527388115673 -0.9907317409775163 -0.001979337837212991 0.7138046607935328 0.12631378347530803 0.9670755886974576 -0.9403403619515129 1.0672189080435286 0.02392688082610786 -0.26908739756393746 0.09359541527076287 -0.18265968787560094 -1.541554629258369 -1.2266224286384348 0.5734832747725349 0.7144680888951955 0.6219419033022459 -0.9832787323012265 -0.17651374210128673 1.5599409281920327 1.718114578186181 -0.6355694318270355 -0.5164556576969965 0.488588498867889 -0.45791049995377836 0.6860099571273157 
1.725040484450382 -0.23235746124918644 1.4026266053126222 -0.8638557427226454 -0.14648949897615954 0.8506784670566322 -0.5467654898618192 -0.5955597208659493 0.1841710239352641 0.8293182815491964 -0.6934049991589005 -0.0483873146952494 0.3381247302165432 -0.28714367917994027 1.818899359043053 0.5974667413782172 -0.18530375745257388 0.09433678391966202 -0.3317435673832436 0.965506781104065 -0.15544569293250843 0.16057938878401457 0.16451441115308707 -0.1592783936162412 2.1100223559307443 0.1925800949493563 -0.3990142212328086 -1.335322540344402 -0.41167481969976005 -0.4295237947794921 
-0.08921928226083757 0.5776271639700589 0.34111686363522614 0.23552918724449762 0.33118039242863834 -1.690765242994009 0.9883514775108453 1.29509322167289 -0.4444234079082397 0.5483115406662054 1.151187990886856 -0.14801172089099246 -1.5145186588212138 0.6747614338482435 -0.7871474382240434 -0.6111163896446121 -0.30428583565818956 1.6949723744637073 -0.7427817657879133 0.3597840465490157 -1.0888005951789104 1.1199897788994795 0.568862776087079 -0.7083584783013793 -0.4465646161431361 2.0070211037503887 -0.08287818925579854 0.3016547571623885 1.599738651457494 -1.5231163352604191 
0.5971578928842062 -1.7395494308048773 1.5751631181161123 -1.3088247521318552 0.08838094613486855 -0.380099170234221 0.5675775269455263 0.7161072607190764 0.44904690377025386 0.011487158810968734 -0.36235081872316066 1.3513938131623044 1.11480219181324 -0.7524434549308665 -1.5447681349037352 -0.074841417383269 -1.2734926280533698 2.5225404589402816 2.101393527888229 -0.6734171650420016 0.7675617239792051 -0.3520888684680449 -0.24727330718610974 -1.3317468541829147 0.09558788364169246 -0.5468426826146079 0.012427831917118992 1.0167793039653954 -0.8329652377009389 -0.8306787126535694 
-1.5325178409492515 -1.9481863994155786 0.3282577898000053 -0.08171748082139998 1.1564093812220024 0.21945909341036307 -0.6528340347934055 0.837980733457589 0.653566252869955 -0.1834877805975867 -1.4872467210648919 0.6097520080966895 -0.8180123585294159 -0.14773694052372366 -0.07845758891330265 -0.781481413564497 0.6656976785929163 0.4906285665274892 1.112335814366936 -0.8891501424043251 -0.754189893320117 -0.23623804273848825 -0.9719606119568276 -0.734895452760262 0.7356152450613952 -0.45166401336375134 2.570443342066026 -0.14652027840285048 0.002068357727287806 1.0352447155833437 
0.9383802338604111 1.344801296079511 -0.6678249896296419 -0.38304952694384925 1.0098627456856037 0.7331853867784797 -0.014829597412478995 0.5532398722210535 0.9032935398508979 0.5569452114416388 0.2584409548633625 0.17530442128993698 0.6901707555524894 0.6842027022429575 0.9617936305026447 -1.189626703648258 -0.40865923605375465 0.7627451957568692 1.3267162834133654 -0.8782563787627841 0.3915260430481828 0.42536061055427465 -0.28548296152209524 1.1114929654298902 0.18771475562801293 1.5247434576553562 -1.318909470302824 -0.6362125853076497 0.045386109195772406 -0.7270185648888191 
-0.611712251930999 -0.11395973716452165 0.40639508406450875 0.9314943527051351 -0.4917877900646456 -1.8927962658420117 0.2676354424045401 -1.4181725370285583 0.7067444996499559 -0.7161496012978701 0.7512536102473517 -0.7476177156470207 -1.632991959029774 0.32314497812820764 -1.0965085539531991 0.4724542897435764 -0.12405585974466443 -1.5290834637779016 0.68200997832184 0.08574467589656824 1.0247785597455594 -1.5944887962769694 0.7247805841845689 2.659065287906952 0.684105606057033 0.156188833603717 -0.6865047096325553 0.15633111717859693 0.21453788211378433 -1.3914867122204044 
-0.17088554792229338 0.9233457383592942 -1.4423055333966994 -0.16917476033323908 -1.839337876694259 0.5812285905907725 0.42712187113388067 0.2195153696309362 0.34364149984158787 1.4062308497757114 0.7712081461461758 0.15434900942237897 -0.5567605902301084 -0.780654106802277 -1.2557275358687785 -0.9616235323730589 -0.37796643748986636 0.38152896904449735 2.1419057918490836 0.4173993566225597 -1.1402346432448824 -0.3541707284534688 -0.33176775293726757 0.15055816252890125 -1.8535872469156507 1.2794748186259077 -1.3949072549687402 -2.3325652761305924 -0.3927828081994892 -0.152732216607642 
0.46653173105146006 -0.6427726480818404 -1.8431845334242296 -0.30608150296709274 0.25774967232874624 -0.027353454245195863 1.2309900680991805 -0.47474251366518705 -0.1858231659311748 0.33786175005507346 0.7912340839397523 -0.35795377464378875 -0.6488604626083961 -1.763190210181959 -1.0076807877643403 -1.5865857095615827 -0.10328836233910121 -0.4777967819547304 -0.8244164587536964 0.6063878265980022 -1.6835878082973552 1.038379776784434 -0.09163017990051886 -1.4180793979199318 1.6920460742056287 0.06784395971823891 -0.46183895831138 -2.003672771495048 0.08337917593806354 -0.8401880453540992 
-0.6453312308786623 0.17950693534270062 1.1138649291349245 -0.3607656066693092 -0.08018737909455861 0.08756526861391159 -1.0699287456435096 -0.29455044415008336 1.881082122979695 -0.9811511511026869 0.04620477825232548 -0.15543042703302273 -0.7996819561327762 1.1196880474490902 0.22310292916153868 -1.7655911320916124 0.26541357802668974 -0.4258824508272099 -0.48544635142241666 -0.8864008006800486 -0.9318834722045239 -1.485396675465237 0.8997230001436969 1.6058160152123881 -0.6649731415262263 -0.5062723531440139 -0.1207559102201293 1.5501798445115211 -0.3124545035537409 0.18958766064923163 
-0.3913805618251169 0.043096208689894666 0.48614974434225433 -0.15299028685599014 -0.4147289236466647 0.45598238308223105 -1.4778158728193946 0.5191488940364005 -0.6609212543101797 0.6073026048292296 -0.8057556874678065 0.0346373756672957 -1.5677382946511982 -0.18549416831135873 -0.5092094181445326 -0.43521251608572065 -0.032898210399658304 0.34242093520353784 -0.8293595018054146 -0.09097384042280976 0.6200024157254167 0.22602131547915336 0.6693979932626074 0.8303446767455347 0.9254857773168801 0.058297513640014786 -0.8087715472609472 -0.08652010758254478 1.159918690460925 -1.0416972514622262 
1.2231640409080264 1.2898750461611033 -2.156120933392021 1.0392449228054441 1.1833932676634809 3.249164520749126 -2.45109909828803 0.9176018016699004 0.4483919699795288 -0.797737815165516 -1.0354523082251956 1.583715082849763 -1.3167009281289177 1.382123223473037 0.8849462308009485 -1.6425463995182907 -0.10275433480046436 0.42379378579099397 2.3029556928873096 0.6941324495590181 0.7537463688992232 -0.5497406666078772 -1.0135534012720173 0.5807280447215235 1.8889136340317352 0.3800305557504754 -1.4271476675887245 -0.7606793957091235 0.6954021343282205 0.07930814445309138 
-0.7479925410003143 -0.36519811169856475 -0.7070769542403701 -1.0157394344774253 0.28177581325677026 -1.0080486222699965 -0.589985338891367 0.32413719821974585 -0.01946480729847394 0.8627519903389995 -0.9817167089768535 -0.4783346975116487 1.5334011259417601 -1.1177220368904466 0.15311618385048487 -0.11734873373073267 -0.7800159349581208 -0.05434101173356787 1.059626873453735 0.5332044237159257 2.813461793387159 -0.33544580884684283 0.5189360052812199 -0.00650057158556927 2.0368701852942572 0.9605724295243749 0.1025075158343659 -1.5391350961562038 -0.9056305288452117 0.45454994596219495 
0.14360698742321867 0.5905569595195741 0.37743771422728345 -1.565951024286919 0.008166609366215605 -1.2154774759112827 0.3570549857207248 0.3216150234127416 -1.265138379921697 0.6519403058670721 -0.06504200433571569 1.3338089481134687 -1.0541002803491506 -1.1793916912209221 -0.49119179028027987 0.41035545457863654 1.401051106754414 -0.3968597935580653 -0.8679391665055899 0.17242953142251563 -1.7241394143688638 -0.7615310913948456 -0.9825712543773701 1.0914952099388868 -0.9135961833806352 -0.657491824537561 -2.109478247795176 0.1815567495340239 -0.7500042240819615 0.9741619534549419 
